0042551 32 5   -222311777 771 4113133133311   5113133133311   71  11222     2593
0062551 2A_    -221321777 771 5113133233311   1123233233311   71  31222     2593
009233225Y 103  22443277   71 3133133233323                   122131222     2593
0232331 7^    9 22433277   71 1143133521155 1 3123133521155 1      1222     2593
0272551 31  11  211423777 7 1 5133233233322   4123233233322   51  32222     2593
0362551 19     -111421777 771 1133133233121   5113133333111   51  11222     2593
0382551 9^   7  2244427=   71 5133233333332   11642333333357  122211222     2593
0402551 41 57 9 22331277  77211123123323322   51422224223443  522131222     2593
0412661 3+'    -1211117777771 2123133333323   4132133233323   322131222     2593
0502661 1=7   6 12341177  77222113133133311   4113133133311   51  21222     2593
0662331 3P! 2 Y 11431177  771 1123133333321   3142233233323   71  31222     2593
0672331 3585   -1111127777771 3123123133311   1113123333311   61  31222     2593
0682332345 1   -2222117777771 1123133333332                   9   31222     2593
0822661 3-'    -112312777 771 4143131333342   2133121333332   721 21222     2593
088255215N    1 12331177  771 5133133323122                   122232222     2593
0942331 5B    3722332277  771 2113133233322   3123133233322   322131222     2593
1102661 5-\  3  22323377 7  1 4152133133313   2112133333313   0   31222     2593
1122661 39 51 9 22332277  771 4113133133312   2113133133322   322131222     2593
1432551 55 673 71444427    71 5142123333143   1133123431133   122232222     2593
0122331 3S 7 7  211111777777213123133233321   2113133233321   222221222     2593
0172331 2Y\1   -1111117777771 1113133133112   3113133133111   71  21222     2593
0262551 5   1 9 22341477  7 1 515412352333511 4133123323322   322131222     2593
0322331 2Y\ 7  -1111117777771 3113133233321   2133113233323   9   31222     2593
0472661 6  7 5  1442347  7  2321311333333245  41311333333245       1222     2593
0982331 30  1  -2222227777771 2123133233331   3123133333322   322232222     2593
102233216   -  01243417@   71 3133123522355 1                      1222     2593
1072331 55 6   -1111117777771 3113133233311   1113131133312   522131222     2593
1082331 2A    2 1112127777771 1133123323322   3133133323322   222232222     2593
1192661 48 7   222422477 77 1 4133133233122   2123133233122   0   31222     2593
1152661 5Y8    3323112 7 7771 4123123333322   22          2   522132222     2593
0052551 4Q 1   -124411_7  771 1123133233321   5131133233333   31  31222     2593
008255252+853  -424412 7  771 52          2                   9   21222     2593
0162331 59   6  323422 7  771 1133123433333   3162122522335_1 122211222     2593
0292551 4985   -423312 7  771 4131133233322   5123133233312   322112222     2593
1452551 3Y  13  411311 77 771 1132133333322   5123133333322   222221222     2593
146255254^9    01321337 77  221133123333344  0                     2222     2593
0332331 4 1 1 1 322412 77 7=1 3132133323322   22          1   521 22222     2593
1422551 6+   / 5442422  7 7722514422+433323   115422+422333   422132222     2593
0772661 65    20342141  77 _1 2152233422343   4123133222343   0   13222     2593
0242551 2J7 0 1/1324117 7 771 5123133323321   4123133323332   522132222     2593
0612331 4M     -222412777 771 31231333333157  1123133133312   9   21222     2593
0012551 6   -9  323321 7  7721514123332333434 41522334233357       1222     2593
0862551 282 1  6431321  7 77221123123233322   5123121233322   122231222     2593
1412551 5E   11 444411    771 1123133233333   5142121421343   222231222     2593
0132331 53     1144422=   ==1 3141233333133   2123133333123   51  31222     2593
0112331 4Z  3  -112332777  71 3123133233332   2133233333333   521 11222     2593
0442661 8G    9 323222 5 5551 2133133523333   41612335233341 171  31222     2593
0802661 3   6  -122341555  5312133233323322   4123233223332   9   31222     2593
0142332199  7316444444      1 316422262326511                      2222     2593
0392551 89   736444444      1 11542235333351 151432234333351 1     2222     2593
0632331 6 1 S  0334433      211133133333334 - 31531233313351       2222     2593
0702331 9   -7Y 444444      1 11642315213351 23164+332233357 6     1222     2593
0722552561    + 444444      1 1143233331324  6                     1222     2593
117266249+  70_8444444      1 2163131622325  7                     2222     2593
1302551 815 61_ 444444      1 4152233422335  7516223362233515      1222     2593
131255259?5  39Y444444      1 51622336223354                       1222     2593
1322551 8A27 2+ 444444      1 41512334333357  51512333333359       1222     2593
1382551 6 1   H7444444      1 5143221533344  74152221533345-4      3222     2593
0512551 3?7   Z 212311777 771 4113133223312   5113133123321   51  31121     2593
0752551 40  W 3 112433777   215113223113311   1141223133323   522112121     2593
1012331 4+ 3 /  112332777  71 3133233323313   1123133322313   122232112     2593
1052331 5   1/  22443277   71 31412334331340 311431333331349       1122     2593
1062331 2-  6  011341277  771 1132133233133   3122133333133   9   32122     2593
0072551 35 53 2 314221 7 777211123123223312   5133123323322   51  32121     2593
0252551 3  405  312213 7777 224131221333322   5131221333322   222131122     2593
1002331 5+   / 112442166  76213142222533334  211522333331546 2     1122     2593
1402551 57 5751 12444277   71 51411333333245  1123133233322   321 22121     2593
0462661 5+11   X414411 7  771 2133123331344  34133123431344  3     3121     2593
1262331 8-   710444444      1 215121352214571 315221352214471      1122     2593
1352551 99   S1 444444      1 5163231422345^1 4163231522345^1      3122     2593
1372551 9   -98 444444      1 516423342234531 41642334223453       1122     2593
0312331 3=6   1 112434777   1 3123113333132   2123133233122   9   31211     2593
0562551 22  1  312431277  771 5123123323332   41542234233343J 122231211     2593
0852661 35 ^ 38T21312177 ==7214132133233341   2123131233333   721 33211     2593
0902331 4C   96 122421777 771 2133233412112   3113133412112   522131211     2593
0962331 3?  3  -2222337777  1 3113133233321   2123133233321   9   31212     2593
1182661 5+\  1  22332277  771 2144231233322   41542313333251  622121212     2593
1282331 2^867  -2121117777771 2113133133311   3123133133312   9   31212     2593
0872552152  6 _ 12343177   71 5133233422323                   122213212     2593
0212331 44 4  1312341276  77221122133423332   3123133423322   322131212     2593
0352331 3Y28   -11432477  5 1 3133133333321   2123133233321   821 31212     2593
0952331 45 5   -2444227   771 3123133233311   2133233233332   122231211     2593
0992331 4; 4  0 2222127777771 2123133333322   3143133333333   722132212     2593
1232331 15 77  311341177  771 3113133133321   2133133133322   222131212     2593
0202331 3^   4  414411 7  77221133133233232   31322233332347  31  31211     2593
1142661 2 7    0424421 7  771 2113133233332   4123133233322   722132212     2593
0642332381 7  =7324422 7  @71 1143221433324 3                      3212     2593
034233239   -9  444414    7 1 21431333233351                       5211     2593
0832661 3J8    -2423115 5 77222113133133311   4113133133311   422131212     2593
053255246:  108 134442=    =1 5144223333343                   122234212     2593
0932331 5!1 6 0 233323=   = 1 21432335223447113133133522343   222131211     2593
1132661 597    1424322 =  ==1 21341232333241 64133123333334  6     3212     2593
0842661 401  1  323311 7  771 21412333333241  4131133333323   71  32211     2593
0032551 45 4 1  112333___   1 5133223323333   11442233233341  21  12211     2593
0792661 50   1  444411    552+4134123233333   21341233333351  621 32212     2593
144255255+   791424422 9  9922115313352115411                      2211     2593
1472551 5 7563 812442177  771 1144231233323   5143133233322   322111211     2593
045266228?  10  333333      1 41421333221350 0                     3211     2593
0492661 8   -710444444      1 21532334231551184153223523365 18     2212     2593
0742551 9   -786444444      1 116+22+62224511 516122+62224511      3211     2593
0892551 8   - 7 444444      1 51432234222450 01162223622265111     4212     2593
1112661 89   2 7444444      1 41542233333347 321532233333341 3     4212     2593
1392551 8 7   10444444      1 5153233422135  7415223152234511      2211     2593
0102331 5Y    9 112311777 771 3133133423333   2133133423333   322231221     2593
0422661 1,  6  -1112327777 71 2113123133311   4123123133312   322131221     2593
0542551 5 111  -22322277 7771 51522231132143  4143123313222   122231221     2593
0552551 3  @ 3  22341177  771 414+122333323   5134123233322   322121221     2593
0582551 3_ 5   -111411777 771 5123133233322   4123133233322   71  31221     2593
0592551 3-7   001423317 7  71 5123133233332   41422332333342@ 322132221     2593
0622331 5Y   0 02332137  77 1 3142221333333   1133121333332   522133221     2593
065233233B 16  -2333127   771 1113123233311                   122231221     2593
0912331 3?1   1722322377 77 1 2123123323332   3132121323333   322132221     2593
0922331 5Y   3 322332377  7 1 21421233223242  31421234223443       1221     2593
1202331 5^ 6761 2332337  7  1 315323342234479 213313+423343   31  32221     2593
1212331 1  77  -1111117777771 2122133133311   31422331333158  521 31221     2593
1342551 29  7  111333377    1 4113133133322   5113133133322   41  31221     2593
1492551 3?   6  11331177  771 5113133233311   1133233133333   122231221     2593
0482661 44    _ 1324327 7  71 2121133323312   4133133323312   321 31221     2593
0782661 59    _ 11343277   7214133123223323   2123133233323   321 22221     2593
0972331 6Y   3  11444477    1 31342223211351L 2123133233321   9   32221     2593
1242331 62 '75  22341277  771 3141133433333   2141133433343   31  11221     2593
0282551 55  6  -12343277   71 4123133233332   5123133333332   122221221     2593
0152331 47     6311111 777771 3123123323332   1123123323332   322221221     2593
0432661 4C8    -422112 777771 4123123233321   2123123233321   51  31221     2593
103233218   -6 0424211 7 7771 315212352234571                      2221     2593
1222331 55 6 337422311 77 771 3142133333333   2133133333333   722212221     2593
1332551 4Y 7   -322222 777771 4123133333332   5123133333322   51  11221     2593
0712551 5   -  2332432  =  =1 5143233323324 9 1133133322323   122231221     2593
0182331 5   7 3 442444  @   2112          4 3 32          47       2221     2593
002255259V   71^444444      1 4154221522255118                     3221     2593
0192331 99   7  444444      1 316223342234561 115223352234561      2221     2593
030255249   -7B 444444      21515312352225524                      1221     2593
0372551 6   - 97444444      1 114313352225571 514123162225571      3221     2593
052255247   -79 434333      1 5153223523144358                     2221     2593
0572551 6+2   Z 444444      1 4153133522334 9 5153133522334 9      1221     2593
0602551 7-7   \ 333333      1 41412233211443- 5141223321144 81     1221     2593
0692331 8   -/1 444444      33315223152334509 1142233521155T1      4221     2593
0762551 8   -06 444444      1 5153123521165- 81164211622165- 8     1221     2593
1252331 79 67/  434433      1 21531333331341  31521334231443       1221     2593
1292331 85  7390444444      1 215223162234567 3162231622345210     1221     2593
