 NORFOLK BID - A1 - 11/02/72
  51  64  10 100   0 24559.
  7  1 11 30 45 56 57 58
  7  1 11 30 45 56 57 58
1974
   1             717       785       904
   2             1.0       1.0       1.0
   3            .388      .437      .466
   4            .073      .097      .137
   5            .097      .117      .136
   6               0         0         0
   7            .169      .183      .198
   8           .0188     .0245     .0329
   9           .0094     .0113     .0141
  10            .265      .275      .285
  11            .365       .37      .385
  12            .255       .26       .27
  13             .43       .45       .48
  14            .250      .258       .27
  15            .345      .356      .368
  16            .119      .119      .119
  17            55.1      55.1      55.1
  18            .115      .115      .115
  19            18.7      18.7      18.7
  20            .089      .089      .089
  21            16.1      16.1      16.1
  22               0         0         0
  23               0         0         0
  24               0         0         0
  25            15.7      15.7      15.7
  26               0         0         0
  27            28.6      28.6      28.6
  28            .147      .150      .152
  29            .045      .047       .05
  30             9.5      10.2      12.0
  31           .0016     .0017     .0018
  32             1.0       1.1       1.6
  33              35        35        35
  34             8.0      10.0      11.1
  35            15.6      15.8      16.0
  36             .16      .161      .162
  37            .039      .048      .058
  38             .70       .70       .70
  39             .01       .01       .01
  40            1.04     1.061     1.082
  41            1.04      1.05      1.06
  42           1.061     1.082     1.103
  43            1.04     1.061     1.082
  44           1.082     1.103     1.124
  45           30.35     30.35     30.35
  46            .085      .085      .085
  47            .105      .105      .105
  48            .125      .125      .125
  49            1.00      1.00      1.00
  50             327       327       327
9 51             362       362       362
1975
                 764        67      1015
   3            .377      .424      .452
   4             .07      .093      .131
   5            .094      .113      .132
   7              64        77      .192
   8           .0183     .0237      .032
   9           .0092      .011     .0137
  28            .154      .157      .159
  37           .0377      .047      .057
  40           1.061     1.093     1.125
  41           1.082     1.103     1.124
  42             093      . 25     1.158
  43           1.061     1.093     1.125
  44            .125      .158     1.191
  50             293       293       293
9 51             363       363       363
1976
   1             813       954      1129
   3            .366      .412      .439
   4            .067      .088      .125
   5            .092      .109      .128
   7            .159      .172      .186
   8           .0177     .0231     .0311
   9           .0088     .0107     .0133
  28            .161      .164      .166
  37            .037      .046      .055
  40           1.082     1.126     1.169
  41           1.125     1.158     1.191
  42           1.126     1.169     1.216
  43           1.082     1.126     1.169
  44           1.169     1.216     1.262
  50             259       259       259
9 51             364       364       364
1977
   1             860      1050      1255
   3            .355       .40      .426
   4            .064      .085       .12
   5            .088      .107      .124
   7            .155      .167      .181
   8           .0172     .0224     .0302
   9           .0086     .0104     .0129
  28            .168      .171      .173
  30            10.7      11.4        14
  37            .036      .044      .053
  40           1.104     1.159     1.217
  41           1.170     1.216     1.262
  42           1.159     1.217     1.276
  43           1.104     1.159     1.217
  44           1.217     1.276     1.338
  50             225       225       225
9 51             365       365       365
1978
   1             907      1150      1396
   3            .345      .388      .426
   4            .061       .08      .115
   5            .086      .104      .121
   7           .1507      .162      .175
   8           .0167     .0217     .0293
   9           .0084       .01     .0125
  28            .175      .178       .18
  37            .035      .043      .052
  40           1.126     1.194     1.265
  41           1.127     1.276     1.338
  42           1.194     1.265      1.34
  43           1.126     1.194     1.265
  44           1.265      1.34     1.419
  50             191       191       191
9 51             366       366       366
1979
   1             943      1253      1540
   3            .335      .377      .402
   4            .058      .077       .11
   5            .084       .10      .117
   7            .146      .157      .171
   8           .0162     .0211     .0285
   9           .0081     .0098     .0122
  28            .182      .185      .187
  33              47        47        47
  37            .033      .042       .05
  40           1.149     1.229     1.316
  41           1.265      1.34     1.419
  42           1.229     1.316     1.407
  43           1.149     1.229     1.316
  44           1.316     1.407     1.504
  49           1.159     1.217     1.276
  50             205       205       205
9 51             427       427       427
1980
   1             990      1353      1698
   3            .325      .366       .39
   4            .056      .074      .105
   5            .081      .098      .114
   7            .142      .153      .165
   8           .0157     .0205     .0276
   9           .0079     .0094     .0118
  28            .189      .192      .194
  30            11.9      12.6        15
  37            .033      .041      .049
  40           1.172     1.267     1.368
  41           1.316     1.407     1.504
  42           1.267     1.368     1.477
  43           1.172     1.267     1.368
  44           1.368     1.477     1.594
  49               1         1         1
  50             159       159       159
9 51             428       428       428
1981
   1            1038      1448      1873
   3            .316      .355      .379
   4            .053      .071      .101
   5            .079      .095      .111
   7            .137      .148      .161
   8           .0153     .0199     .0268
   9            0076     .0092     .0115
  28            .196      .199      .201
  37            .032      .039      .047
  40           1.195     1.305     1.423
  41           1.369     1.477     1.594
  42           1.305     1.423     1.551
  43           1.195     1.305     1.423
  44           1.423     1.551     1.689
  50             113       113       113
9 51             429       429       429
1982
   1            1088      1528      2066
   3            .307      .345      .368
   4            .052      .068      .096
   5            .077      .092      .107
   7            .133      .144      .156
   8           .0148     .0193      .026
   9            0074     .0089     .0111
  28            .203      .206      .208
  37            .031      .038      .047
  40           1.219     1.344      1.48
  41           1.423     1.551     1.689
  42           1.344      1.48     1.629
  43           1.219     1.344      1.48
  44            1.48     1.629     1.791
  50              67        67        67
9 51             430       430       430
1983
   1            1138      1604      2279
   3            .298      .335      .357
   4            .049      .065       .09
   5            .074      .089      .104
   7             .13       .14      .151
   8           .0144     .0187     .0253
   9           .0072     .0087     .0108
  28             .21      .213      .215
  30            12.5      13.2      16.0
  37             .03      .037      .045
  40           1.243     1.384     1.539
  41            1.48     1.629     1.791
  42           1.384     1.539      1.71
  43           1.243     1.384     1.539
  44           1.539      1.71     1.898
  50              21        21        21
9 51             431       431       431
  