138816000000CHARLOTTE, NORTH CAROLINA               1436
1388160010110320630003107300030067000300650003006500030065060300651003006510
1388160010120300651003106410032062100330611003406010035058100360581003505810
1388160010130360571003605710036058100350631003507207035062100340670403406510
1388160010210340721003408810034065100340621003406610033079100330801003309110
1388160010220320951003210010033095100330921003408910034090100350931003510010
1388160010230350951003409810035100100351001003510010035100100351001003610010
1388160010310361001003710010036100100371001003809810039100100421001004510010
1388160010320451001004510010046095100490900905306510053043090540530905605405
1388160010330560440205404004049055040460580104505501042057020410610304006102
1388160010410380660203507000032081000340800803507410034083100330851003508210
1388160010420350741003607110038072100420531004405209044050100440521004405210
1388160010430440541004405710040078100390841004008608039084070380840403808402
1388160010510360910003708910038092100370941003709408035097020370911003809010
1388160010520390821004107910041078100430721004406410045062100470611004606010
1388160010530460641004506610044064100420731004008310039093100380971003809110
1388160010610380941003809510038095100380981003809710038096100380961003709710
1388160010620370961003609510037095100370881003709710038093100390931003909310
1388160010630390941003909510039093100390991003909810040096100390971003909810
1388160010710390981003909910039099100390981003910010039100100391001003910010
1388160010720391001003909910040096100410961004109610042097100430951004509110
1388160010730450901004509002042094000410970004009804036098040351000503609704
1388160010810350990503310007032098060300970003010006029091000300950002910000
1388160010820270940003209400038089000440740104706400050059000530540005604200
1388160010830570410005704800048066000500440004804600044053000430530004005900
1388160010910380650003806700039062000390580003606400037059000330710003307100
1388160010920320770103907101048043020530350205603003059029020610290306102003
1388160010930610240305903000055034000500390004805102045058010460540104505706
1388160011010440610604506006044062080440641004506410046068100460711004507910
1388160011020420861004508009049068100520560905604904060041030640350106603000
1388160011030670330206604101062047020600510105705900056060000540650005207000
1388160011110500770104708304046083060430880504608302042091010430890103909201
1388160011120420920504508605053076050600630806305509067046100640481006405210
1388160011130620550906005603059061100560701005706710056068100560661005507110
1388160011210530781005107910050082100490831004708510045081100440811004307710
1388160011220420761004207710044071100430721004406710045062100450631004606110
1388160011230470631004706610047067100470671004607010046073100460711004607410
1388160011310450781004507910046079100460831004708610048088100490941005109406
1388160011320530890705508410058077100620700506506600070057000730490107405209
1388160011330740480207404106068051060680520706306507061068090590681005807210
1388160011410600680905508202050089010500870205108507050089070520881005108810
1388160011420500890805408203060069080640600806505910066056100670601006605810
1388160011430650601006506110063070100630681006207110061073100610731006107410
1388160011510610841006009110059098100590971005809810059096100610961006209510
1388160011520620971006309410065088090670760606904200068035000680350006803200
1388160011530670300006603400060039000560440005404800052051000500520004706000
1388160011610460610004506700041076000400790004007700041077000370840003908200
1388160011620400790004407200047067000500540005304801055046030570370305903603
1388160011630600340305804004053053040510530304706606046063070440710404207107
1388160011710430711004505310044053100440561004305710042061100420611004305510
1388160011720430551004305410044048100460461004804310049044100510441004805510
1388160011730470761004408910043091100430951004209210042095100420951004209710
1388160011810420951004209610041099100410971004010010043096100441001004609910
1388160011820461001004510010045100100471001005210010054097100560800905806504
1388160011830580650205706003054055020520520105005300048055000470540004505600
1388160011910440560004205701038054010360600003505100034063010340630103406200
1388160011920330620003605501038047050380490204104603041044070430420704404007
1388160011930440400004304300039048000370520103505800033061000320630003106400
1388160012010300630302906802027075070260770402707401025075000270740002507900
1388160012020260810002807300032056000360400003804100039043000420360004403500
1388160012030430360004203700039044000370500303404505032044070300420602804802
1388160012110260510002605500026056000250590002406200024063000230660002107300
1388160012120210770002606600030047000340370003503600036035000380350003903600
1388160012130410300004003100036044000350420003304300031045000280510002905400
1388160012210270530002406400027055000230690001907800021073100260560202506101
1388160012220250570302705401029055000300560103203102032033010320320003203000
1388160012230340270003302900030036000280400002704200026044000250480002304300
1388160012310230470002006000019060000180650001806700017066000170690001707401
1388160012320170740002106600027055000300530003404700037044000370420003804400
1388160012330380490003903600037041010330470103105101030066020270630202606300
1388160012410250630002706400026062000260620002506508026065100240720602506110
1388160012420250630902805609031049070320540903704206038038070400400904003508
1388160012430380411003804309037048090370461003505110032058040300590203105901
1388160012510320520002706800026072000230810002307900021082000210800002008000
1388160012520220810002407700030069000360510004004800043045010440390104504100
1388160012530450350004503800042044000400470003904800037051000350570003306100
1388160012610330610003206000034056000340580003305900032063000290680002906600
1388160012620260730003406500040052020480420705203707055035020600300206002802
1388160012630610280605803201055038010520390104804401047048000440510004305300
1388160012710420550004005800040059080380631003906410038066100380651003807510
1388160012720390671004106710042078100420881004109210043089100450991004709910
1388160012730501001005010010048100100481001004810010048100100471001004710010
1388160012810471001004710010047100100471001004710010047100100480991004810010
1388160012820490981004810010048100100500991004909810053092100540891005408810
1388160012830530911005309110052094100510971005009610049098100490991004909810
1388160012910490981004909910049100100491001004910010049100100491001004810010
1388160012920481001004710010048100100480981004909710050097100490981005009710
1388160012930500981005109610050094100490941004809410048094100480951004709410
1388160013010460971004609710046094100450991004509410045093100450951004409410
1388160013020440941004409410044094100440941004409510044094100440931004409310
1388160013030440931004209610042091100410911004009210040095100390961003909210
1388160013110390951003809810037096100370931003709310037090100380901003808810
1388160013120370921003809110039091100390921003909610040093100400941004009310
1388160013130400961004109510042084100420841004108910042085100420851004307910
1388160020110420801004008302040084000380850003708800037091000360920003609000
1388160020120370790404107110045071090500670905305306056051060580460705904808
1388160020130610440806004404055055100530611005205810051062100500631004807005
1388160020210450791004606903040092030390920204108204039088020370910204008600
1388160020220370900004407903049074020540640205904800062041000630380306304104
1388160020230620440806104510056053100550601005206910051074100500731004907505
1388160020310470780304507300043078070420750704008107039074100380761003807110
1388160020320360651003606110036057100370591003605410037052100390511004004810
1388160020330390511003905010040053100400531004005610040053100410491004004710
1388160020410400461003905006038051020370550003605700035061000340570003405602
1388160020420350521003605110037050100390471004204510043043100450511004504110
1388160020430440561003907510039080100380851003908810040087100400891004008710
1388160020510400841004107910040085100390921004009310040092100400951004109510
1388160020520430961004609610046099100470991005009910053098100451001004810009
1388160020530500991005009710049097100480990804909500049093000480900004709200
1388160020610480860004709100046093000460930004608900045091000440930004309201
1388160020620430930304608905048081000510750005407000057061000580590806104909
1388160020630600560805504407053053080510610505005508047061050450590004306400
1388160020710410680004106800039083010390830003708200034087000350770003507100
1388160020720370590003905900042051000430420004603900048036000490370004903700
1388160020730500350004903801046031000410460003805100035054000330570003305900
1388160020810300680003107000029069000270710003006700026072000260700002507300
1388160020820260770103206900037050000400460004603900047035000510290005503100
1388160020830550250105502506052028030490351004704010047040100470451004705410
1388160020910470591004606010045063100450640304506503044066030430710204207403
1388160020920400781004407410048066100530581005605810060054100600631005807110
1388160020930570711005906810056077100540781005308610054080100550821005707810
1388160021010560771005707310056073100560741005606610056076100560741005507510
1388160021020550751005607310057073100580731006206510063065100670581006506210
1388160021030620691006008310059090100590951005710010057099100580941005809310
1388160021110580961005808910056087100550870005308600053078000510720004907200
1388160021120470700004806200050057000510510005204600053046000550460005504600
1388160021130550450005504700052051000490510004405300041054000390640003806400
1388160021210360660003507000034068000340690003406300034065000320700002907700
1388160021220300790003507000041054000450450004903600051033000530270005702602
1388160021230560280505403105053032060510390705003910048041100480431004704610
1388160021310470451004404910043055100380851003409610033098100330981003309610
1388160021320321001003209410033092100330911003309410033088100321001003109110
1388160021330320931003209310033094100320971003109210031092100300961003008810
1388160021410290941002908710028091100280891002809210028093100280961002909010
1388160021420280650102707201029068010300650403106609032062040320710603406502
1388160021430340650203506600032066000300680002807500027075000270740002407900
1388160021510240800002308200022076000210770002108100021081000210740001808100
1388160021520180830002506600030059070340550403605706038053030390570303905308
1388160021530400570704005508038065080370690803508106033088040320840303108705
1388160021610310891003108110030086100310811002908810031078100290831003008710
1388160021620320821003207810035072100390691004305310046048070480440405003802
1388160021630520350105302800050033000450550004206300042056000380740503807105
1388160021710360791003806910038067080370661003707210036083100370741003707410
1388160021720350750904006508048057080520440905503809055037090570380905704009
1388160021730580390905803910056045090530560904905703046070020450690004506405
1388160021810460610804506410044069100430731004406510044069040440661004606010
1388160021820440841004409310043092100440970904609510046093100510921005108210
1388160021830480821004708710044086100440781004005807038054000360550003705500
1388160021910350550003305700032060000310620003205200031057000290640002806800
1388160021920310520103404403036041030390360604003803041035010430310004502600
1388160021930460280004304300040048000370540003505300035046000320470003103900
1388160022010300420002904400027052000260510002505400025054000240540002206500
1388160022020250550002904900033042000360350003902801042033050440310504603006
1388160022030480300704803002047035070450340704005508039057100380551004105210
1388160022110400471004004610039046100380511003805310038061100360661003706110
1388160022120370661003905310040045100420451004604010048036100460391004603910
1388160022130460421004506010042068100400751003909110039092100380961003809710
1388160022210380961003809710038098100380981003809710039097100380981003909710
1388160022220390971004009510041086100420761004206710044058070490520004904505
1388160022230510450005103800049038000450400004304500041047000390480003705300
1388160022310360530003505200032057000300640003105800030054000300530003005000
1388160022320320450003505000039039000420340004703200048032000530260005302700
1388160022330530270005402500051029000480360004404300042042000380590003805300
1388160022410330700003406300033068000320650003106900031069000280760002807610
1388160022420310680903705507044055080490430705203505053036030580290705802705
1388160022430570270305603007054034060520381005104010050042100490541004508210
1388160022510450871004308910042089100400931003909510038097100380971003809510
1388160022520380951003809310039094100390961004009610040097100400961004009510
1388160022530400971004009510039098100390981003809910038100100381001003909910
1388160022610410951004109110041091100410931003909709036098000350990003410008
1388160022620341000903709100041074000440610104605101048047000500350005103500
1388160022630500350004903800046041000410440003904900037052000350550003406200
1388160022710330620003106200030069000300700002906800026070000260780002507900
1388160022720280690403306202037051060410400704303710044037100460341004803408
1388160022730470350904803410047040100460361004405110042049090390580704005910
1388160022810410561004006010039065100390631003806706036073020340810803607310
1388160022820360771003906710042061100440571004904410051041100520351005203510
1388160022830520390905404108053045010480560204705803048059100480601004806010
1388160022910450690304407100041074000410740003907900038082000370790003607802
1388160022920370740404206010044051080480410905103607053030060550290605502907
1388160022930550290405402800052030020480390104503600042041000410380003904800
1388160030110380480003704600035046000340500003205100030047000290520002805001
1388160030120300500103103900033039040340360703803410042029100420301004203310
1388160030130430331004103103039034000370380003503900033046000320420003104700
1388160030210280560003004908030049090290490703004310031042100310381003203610
1388160030220310431002608510025094100250921002509210025091100250861002508310
1388160030230250871002508410024087100240931002409210023092100240911002309210
1388160030310240881002409010024093100240891002409210024091100240921002409410
1388160030320250901002609210027086100300791003208110033076100360670903807710
1388160030330410561003904608037041000340520003204700031045000290450002804700
1388160030410270510002706000024056000250550002405500023060000230570002205900
1388160030420230460002504800027050000290500003004700032043000320500003404600
1388160030430340460003405000031049000290490002805500027058000250530002405800
1388160030510230520002105000019053000180550001706200016055000140610001306500
1388160030520150580001806300021054000240470002504900028043000280430003004700
1388160030530300440003104300029046000280460002703900024057000230630002205100
1388160030610200570001905500017063000150670001506200013067000140650001206800
1388160030620140680002205600025045000280430003004700033041000320410003303800
1388160030630350360003603100035032000320330103103901029055010280490102405900
1388160030710250490002207800019077090230620802306308020071090190771002006909
1388160030720230621002806510033040100340461003504410037050100390451003904510
1388160030730410470904004108038041020370500303605006034061080340611003307307
1388160030810310740803007800027064000270540002506000024060000230610002206700
1388160030820230590002605200029049000310490003304300033043050340450003504000
1388160030830360410003803900035043020340460203105402031049100300501003004810
1388160030910280551002905710029052100300451002905810027077100260851002608510
1388160030920260871002509310027086100260851002508810025089100250921002608610
1388160030930260861002509210026089100250911002408910023086100230871002209010
1388160031010230871002408210024082100230851002209110022089100200911002009410
1388160031020210860802407610025072100300781003407310037062100390670804206206
1388160031030440580404405808040066080390690803706907035072070350691003506510
1388160031110350661003406610033072100320761003206710032073100300731002808710
1388160031120270921002808710029087100300851003209010034080080340701003706210
1388160031130360651003507110035069100340671003306910033064100320731003008310
1388160031210300871003008810029092100290891002809109029090100290881002908610
1388160031220290860903207106033075050360570503704905038050050390410503904703
1388160031230400420004105600039043000360540003405300033057000310600003006500
1388160031310290630402905602028059000260640002506700024065000200760001907610
1388160031320250601002905410033051100360501003905210042047090450410504503900
1388160031330460350204603304044032070420330904004207039045030360490103405401
1388160031410300660003205600031046000300500002905100029059000290500002804800
1388160031420300510003504100039039010410330104403301045033000470270004802706
1388160031430490280604603810045034100440411004304310041044100400521004004510
1388160031510390451003804810037061100370741003707910038076100380751003707010
1388160031520360731003906410041072100410691004305410045043100460401004803710
1388160031530470431004603810045043100430491004304810042055100400571003906110
1388160031610380631003707110036076100350851003409210033091100330931003209410
1388160031620320941003209910032098100320951003309410032090100330871003309310
1388160031630330851003308510033092100330911003309110033091100330901003309210
1388160031710330911003309410032098100320981003309410033093100330921003209610
1388160031720330961003309810035095100380921004008909045078030530660605805103
1388160031730600390206004110059045100570471005405610052055060490490004705500
1388160031810440671004206910040070100390890604008610040084000390720003906303
1388160031820400581004205502044050080450501004604910050047080480481004904710
1388160031830480511004607210044071020420760204008010039087100390801003708207
13881600319103508500033081000330780003108700030088000280910090102709000
1388160031920310810103606300042051020440441004403610046041100470501004605810
1388160031930460641004706708046070020430770204208301040081000390770803807900
1388160032010350870203508305034089010340820003507200034074000320730003108901
1388160032020330740103905600042047000430420404504008046034090440400904503808
1388160032030450380804603607044040050410460403805107037051030350560003405800
1388160032110320640003007100030071000290650002707500027076000280720102707706
1388160032120300710803306107035052000390460204103903043036020420340304303502
1388160032130420350104203200041034000390500003604700035046000310570003104900
1388160032210300570003005100029055000290550002905800029059000300550003005700
1388160032220340500004003900045035000510320005603101058032010570320005602500
1388160032230530250005302400050027000470340004403600043034000410330003704700
1388160032310360370003404300033046000320440003104900030048000280560002805400
1388160032320310560003604400040039000410350004503300045031000480300005002800
1388160032330510250005202200051025000490320004603400042044000410480003905100
1388160032410380540003605500034061000350620003506500033072000310780003208202
1388160032420360800604305902049043040550290806002809061025100650240906602207
1388160032430680220206602210063024100610270905903005057030000530370005202800
1388160032510490310004603000044037000420390004302900040039000380440603604708
1388160032520360450803903205040032050430270504702303049018100510210904902210
1388160032530500211005002310049027100470291004503110043033100420351004003800
1388160032610390431003904510040044100400491004004810038063100370621003706110
1388160032620380581004304706048049060530380205703801060035000610320106503001
1388160032630650280006602900066029000620390005605000056041000530430005204100
1388160032710510450005005000049050000480530004705300046055000450580004206200
1388160032720470590005704201062033000670350007003001072026010730220107502306
1388160032730740240807401908071025080680320506104505060046030560530305305903
1388160032810510650305006503047070070500611005006210049067080510630904906909
1388160032820500691005605507066061060720410307503901078035020790310207903205
1388160032830770340807803104075038080710471006905208065063050640650506406507
1388160032910610730905907809061074080580820905908210057085100580861005908510
1388160032920610871006208510062092100620941006508810067082100690721007006710
1388160032930710651006807810066086100650901006508510062094100620971006109910
1388160033010630991006209810060099100591001006010010061098100600991005910010
1388160033020601001006110010063097100650931006409010064083100650781006607710
1388160033030670761006807308067075090660781005608810056091100580941005709207
1388160033110560950005509400054087000510910005109910051100100480940104809301
1388160033120500860005507600058066000620550006504805067043050680390607003806
1388160033130710380806804507069044020650490006205600060059060590620805606802
1388160040110540730005107700051078000500780004908100048085000460900104509008
1388160040120500800705706206061057060630550606704508070043070730400807403610
1388160040130750350307503100074037000720360006704700062065000630610206306010
1388160040210600641005807609057075100570761005607710055081100560801005508210
1388160040220560841005907910062075100640761006209010062090100610831006009310
1388160040230590931005809410058094100590911005809210058093100580941005809710
1388160040310580981005809310059097100580991005809910059099100600991006009910
1388160040320610991006009910060096100590971005909810061098100650981007108810
1388160040330700881007208010072080100710841007008510069081100680811006708410
1388160040410660851006409000063092000620940506209410061095030600990306010010
1388160040420610961006209410065088100680801006907410068076100650891006508810
1388160040430660781006508110062094100620961006109910060100100601001006010010
1388160040510601001005108710049093100500941005009410048097060471000104709900
1388160040520510830005406300057048070560440505205405057043050570400405703503
1388160040530560370305603602055035020520350105004200047052000450600104406300
1388160040610420740004107200040074000390750003907500038076000380690003807300
1388160040620430580004704600050043000530350005603300058029000600300006202900
1388160040630640290006502901064029010630340106103800060040000600440605904700
1388160040710580490005804900057052020570660105606006056061030550650405506606
1388160040720580651005906709063061080670530807005208072050050740440207703901
1388160040730770390607903908077041070720210306603100063035070620420606004003
1388160040810570510005604705055049020540500105404300052045000490560305005303
1388160040820550490306202901065027000680250807102107072021070730170807301803
1388160040830740180407302109072024090700271006803210067033100660341006503710
1388160040910620410806004403057051030550550505305800051064000490700204906900
1388160040920520600005804501062041000650340006802503068027040690220707101909
1388160040930690230906702007064026070610240505702702054032000510290004703800
1388160041010450380004204100040042000380450003605100034054000330600003305600
1388160041020370480004104200044039010450310204803104050030050520250405402203
1388160041030540220305402300053025000500280004703900046033000440410004105400
1388160041110360680003506700035071000330710003306800033067000310790003307600
1388160041120400490004603600051032000530270005602600058024010600230606202106
1388160041130640230306302308062024100600281005703510054039100530390905303910
1388160041210540371005204004051039030480480004804900048050000470540004605900
1388160041220500510005604000061035000670310007002600074024020780230007802500
1388160041230790270007802700077028000730340006904000067045000650470006305400
1388160041310600580005706700056065000530720005307000053071000490810005107800
1388160041320560660006704700074039000780340008103200084029000850270008402700
1388160041330840220008402300082024000780290207303602069040000670440006504800
1388160041410630510606105405058062000570720005607003055074000520810005308000
1388160041420590700106506006070050060740420807803409081030070800300708003207
1388160041430820300708102907078034080750370907303808070044080670520406605700
1388160041510640610006306800061072000590800005808400058083000560900105708910
1388160041520610821006507410068065100710581007405410074050100750511007504910
1388160041530750511007604709074051090720560906906405066067030640700006207500
1388160041610600800005908300059081000580850005908408058089020570900305809104
1388160041620620840606707204072059030750500307704507078041070800380608004107
1388160041630810340708003807080035050780400307205300070056000670660006707300
1388160041710650760006408000063084000620850206208505060090070600900605909406
1388160041720630850106807500072066020760530207904103082042040810390308403706
1388160041730840370608303606082040030790450207605003074053020720570807006410
1388160041810700640906807203067076070660781006607710063092100630941006209810
1388160041820620951006308610065061100650541006503510066035100670300906802109
1388160041830690200906902209069024080680260606003901061036000580430005505200
1388160041910550440005404800052049000510490004905200049050000480520104906700
1388160041920530640005805400062045000650400006603700069032000710340007003300
1388160041930700330007303200070031000670390006603800063046000610460005904900
1388160042010560540005505400053063000520680005107300049079000490770004907600
1388160042020530580005705100062043000640390206903706071034050720360807303509
1388160042030730371007303410072036100700401006505010061058060610470505904803
1388160042110580450305604602053063000520720005108002051080020500870805308210
1388160042120560721006007410063073100680670907106109075050090780450907804709
1388160042130790450707804607078050070760591007306610062099100620951006209510
1388160042210620941006209710061099100610980006009801059099100580991005909710
1388160042220610940906608600072070000750590107704902080039010810410008303700
1388160042230830340008403602083038000800420007305900069072000690650006707100
1388160042310640780006208100060083000590850005908600059089000550930005908400
1388160042320680680007405900079051000840350008702900090025000900250008802800
1388160042330870290008702700085032000810370107804000074047000730490007205300
1388160042410690620006407000064070000640720006207900061084000610840006208101
1388160042420660730007305900078052000840400108903500090031030920270409302804
1388160042430920270409003103088033000840380308004602078048020760510007405600
1388160042510730590006906800069068000680710006707200065077030640780106408000
1388160042520680720007506000079050010860390208902904089029060910280609002908
1388160042530910290909002909086034090850380808004700077053000750560007006800
1388160042610710620006906900069071000680740006707600065080000650790006607600
1388160042620690700007306300079053000820480008404200087034020880300208902803
1388160042630880310508803102086033000830370307904500075056000730620007206105
1388160042710730590807206107069072080670781006707804068073060650830906707909
1388160042720690771007306710075060090780540907805510076059100670901006908110
1388160042730660861006209510062090100610871006107810060077100590761005807010
1388160042810580701005807310056079100560791005408610053084100510871005108410
1388160042820500941005109510052088100510901005308110056074100570721006006709
1388160042830600641006206001060064010590670205508000053085000500900005008800
1388160042910480910004709200046091090450950404509301044100040440980904509903
1388160042920510930305807607063060100670530706804707070041060730420607304107
1388160042930730411007404004072043020700490306605502061071030590730405807204
1388160043010590670405707405054082050530860505208810052090100520871005308610
1388160043020560821006107810063074100660691006806410068063100700631006807010
1388160043030680771006409110063095100630951006209710063098100630961006209710
1388160050110620971006209310061100100611001006210010063097100621001006209709
1388160050120630930906509010068076080720680707506007076056070750600607904906
1388160050130760540607705805074053070680530806306008063048070610500006005109
1388160050210580510205605504055053020530540005205200050056000490610005005600
1388160050220530520105505102057049020610420206304101065037010660380106903502
1388160050230680350706803708066042090630460506005505058057060570620905705508
1388160050310560570905406403054061000520660005007100049074010480800405008002
1388160050320560570706105105063050020660420006703701069033010720340107303301
1388160050330750340107403400072039000670450006206000062065000600720006007500
1388160050410570830005508300053086000520860005208600051083000510830005308000
1388160050420580670006306500067054030690510707204305074041020740400007603900
1388160050430760370007603201075032020710380206604801064050000620560006106000
1388160050510600620006006400058072000570750005608000054086000520930705408603
1388160050520600780206407008068061090700551007304809074046090750410907504010
1388160050530740461007704010074046100720511007005510068061090650701006307510
1388160050610630700706107200059078000580830905708309055086010560830805608608
1388160050620620721006706510069055100720490907404110076040090770360507803409
1388160050630780361007703610074044100720481006905910067056100670561006605808
1388160050710640631006206503061067080600721005907510059078100590781006107210
1388160050720620751006507309067068100670651006707310067073100670781006109310
1388160050730610901006009310061090100600871005909310060096100610971006109710
1388160050810600931005910010058100100580961005810010058100100580961005710010
1388160050820581001005309310056086100550901005508010056077100570720905906207
1388160050830630500706304807063052060610460005704700055051020520610005106100
1388160050910500630005205000050056000470680004408200042086000430820004607600
1388160050920520610005605500059047010620480206503804065040050670390606903603
1388160050930680360307003502068035010660420006304600062046000590490005605900
1388160051010530640004908000047080000450860004808000044089000450860204808303
1388160051020540640806004703062043020640380206603702067037030680370707103406
1388160051030700350707103803069040030670470306305801059078010570830005509000
1388160051110540900005209300050096010490930004809600047096000470930105008609
1388160051120520771005506910058067100640481006604510067042090660471006505010
1388160051130650521006405610062062100610651005606910055072100550721005307108
1388160051210520741005107410051074100510741004908310048086090490831004808610
1388160051220500831005208010052080100540771005407710054077100540771005407710
1388160051230540741005407710054074100530801005108010050083070490890204709302
1388160051310460931004709310046093000430930004209300042096000410930004608600
1388160051320500680005505900057053020600440605904609062041100620411006403709
1388160051330650370606204606063039080590530705904706057059100530740605108005
1388160051410490830004708604047086000470800004409300044089000420930204708602
1388160051420560620106104800065033000680320007103100073025030730250507502403
1388160051430740240107402701074027010720330006704000065045000630500006205400
1388160051510590620005806700055072000540770005208000052080000510830305507707
1388160051520630580607204606076039030780350108003001081030000820320008202900
1388160051530840300108203203081038000790390007405100071055000700550006805900
1388160051610650680006307200062075000570860005808300058083010560860205808303
1388160051620650730207305700078047000820400008303600084036000860320008703000
1388160051630860320008503600084038000810440407705400074057020730620207007102
1388160051710680760206707800065081000630840006208400062090000630840606507809
1388160051720710680407805201082049030850430508504101087040000890410008903800
1388160051730900370008904101087043020850480508105302079054000760600007406400
1388160051810710710006707800065081000640840006607500068073000670750006807800
1388160051820760600008105300084044000870400009003700089037000910360009103600
1388160051830930360009203700091040000880420108604807084048040800520607904708
1388160051910770430407504504072053000700590406906105066068010650680006507000
1388160051920680650007006303074055060750550607804805081047040820430508304407
1388160051930830441008105108078054080760600707206607072064090710681006807607
1388160052010670780406707803065081020640840206308403062090050630871006409005
1388160052020670841006907610071071100730680607806006080058050800600308105803
1388160052030830570008305701082058000800620607707108076071050730790407307908
1388160052110730790907008706070084020680900006709000067090000660930906909010
1388160052120730841007707410081065100850531008604610087043100890411008Z04110
1388160052130890390908703910085045090840460808005606077060050770580007406200
1388160052210740590007405900072066000700680006807600067073000650810006807800
1388160052220740590007904100082025000840230008502000088019000900190009102100
1388160052230890210008902100089022000850300207903502075040000740400007304100
1388160052310700470006805100065056000620620006405000067043000650480006904404
1388160052320740400607904106079039060810390608403306085029050860300308803003
1388160052330890290408902904088030040860340308203702079041010750450107105300
1388160052410690630006806300066070000630780006108100062081000590870206507301
1388160052420700660107405700080051000810460008604200087040000890370009103401
1388160052430890340208903400088036000860420008204600078054000760580407605600
1388160052510760540706907309068078100650901006609010064090070640900606608705
1388160052520680840407406905079058050830490008604204089032050900320609302906
1388160052530870400807505810070066100720611006907309069068090680701006806807
1388160052610660780806607303065081030650780006607500065081030630840706408405
1388160052620710680007506200080058010840511008804500090041000910380409003904
1388160052630900370408904209082051100800541007905810078060100680871006809009
1388160052710680871006809010067093100660971006609710065100100650971006609310
1388160052720680901007008410072073080750640807606408077058090790520708104905
1388160052730820470607704306076046020750520307006103067068040670700906607500
1388160052810630840006108700060087000590930005909300058093000580961005909310
1388160052820620901006607804072064040760520407804205079042040810350408403005
1388160052830830320508103305080038050800390407604803072055030690610106906100
1388160052910670650306507300063081020620810206208102059093070600930706209006
1388160052920660780107206601076058000800490008104608082046080840380808504008
1388160052930820460807905603079060030780620207407402073076100710811007008702
1388160053010670900006709000065097000650930006509700065093000650900306709007
1388160053020720760707706205081054010850480008703902089039060890370609103208
1388160053030880390908404903085048040840490308005202078056030740690007207100
1388160053110700760006808101065087000660810006508100064081060630870706508109
1388160053120700680907405509076048100790411008103710082034080820340808403307
13881600531308503101086030000870310008503300        074057020720570007205500
1388160060110720490007005300069055000670590006506300064063010640650206706301
1388160060120730530207804005079039050810370908403207084034090840330808503308
1388160060130860320708603005086031010840340108103901077052000730620007106600
1388160060210700730006807803067084030670840306708706065090040630970906510010
1388160060220660971006809010075066090770641007806710081054100830470808604310
1388160060230850460807107910073081100720871007209010071093100690971006909710
1388160060310680971006609710065100100660931006509710065097100650970806709308
1388160060320690900807208109076069100770640907906408083057070840510808504807
1388160060330850480908504809081058090750711006909310068093100660971006609710
1388160060410660971006609710066100100660971006609710067093100670971006809310
1388160060420680971006909310070097100740841007607609080065080820650808405509
1388160060430840530708305910076076100720871007208710072087100670901006609310
1388160060510650971006609710066097100670931006609706066097040651000606909306
1388160060520720901007209010077079070800690708106008077082090750870708405907
1388160060530830630808505507084057060800650707607907073084070720870807109006
1388160060610710870707008706069090060680900306709001066093000660930006809000
1388160060620730810007707104082061060850550208904804088048040900470609204107
1388160060630890450709004709084055100820581007906910078069030770710707507404
1388160060710740790407308100071084000690810006907802068084060680810606908109
1388160060720710841007208410073081100740821007507910078071070820630708106306
1388160060730830570508305705081058040790640507607104073076050720760407307107
1388160060810700810307008110069084100680871006808710068084100670841006807610
1388160060820690701007106110074051070780450807804508080045080780470807306210
1388160060830750550907605609073062100730640907106308069066080690680706707310
1388160060910660780406408400062090000610900006009000060090030610870706307801
1388160060920680590107105100073048000780400207803906078040060800391007903905
1388160060930790380308003801079039010760420007204800070051000660630006306500
1388160061010620700006107803062072080630600906206709061072090600780806107203
1388160061020650560006704900070047000720430007703900076040000790350008203700
1388160061030810370008103900081039010770450007205700069063000670680006607006
1388160061110650750806507509063078080620810206108100059087020590830706208102
1388160061120670680107306203075060080780580908105809083055100840531008504908
1388160061130850490508505107085051050820580108006501077071000750741007307910
1388160061210720841007108708071087070690930706809309067097060670930607009006
1388160061220740820208306103085051030870520709004703090047030910420308505309
1388160061230860570708904701089052000870550008406300078082000790770007707900
1388160061310750840007408400072090000710870006909300069097020700930607209006
1388160061320800690408305904086050010880481008904203089041040930380309203803
1388160061330890450708704810086053100840510908105610079058030780560007605800
1388160061410760580107406403073066030710710107007301069076020680780407007304
1388160061420750600307905201082047010830430208404002086039020870340308803503
1388160061430890330108903305088027020830380608004704076064070740710207208410
1388160061510700931007009310069093080680970006710000067097030670970506809703
1388160061520700901007108408074079020800580308105606082049050840460408604003
1388160061530870380308803403087036020840490008005600076060000750550007305900
1388160061610720590007006300067073000650780006308400063084010630840206807303
1388160061620750601007706008082051080850480608704506089039050910320209103300
1388160061630920370009203703092038020900440308305907080067050780690307707102
1388160061710760740007507600074079060740790607308104072084100730901007409008
1388160061720770760307906909082061030830570608405303087038030890380609003508
1388160061730870401008504510084049100820551007706709073076040710760106908400
1388160061810680870006808710068090100680901006809010068090100680901006909009
1388160061820720790607506606079060070830530808305308085051070860480608904406
1388160061830850490408704802088047020850510208106301078069030750760107607400
1388160061910720810007207900070084000710840006809000067090000680900107008103
1388160061920740740108006500084057000850480408704806089047070880450908605110
1388160061930850551008605109086051080870480808106506079069040760760207507901
1388160062010740820007208400070090000700930407009000069097080700971007109310
1388160062020750841007807600082067020870570508805510089047100900471009104710
1388160062030840611008106910083061100750761007209010072090100720901007109310
1388160062110710971006909710069097100690970406909703070093100691001007009710
1388160062120700931007209010076085100770821007807910082072090810690907309710
1388160062130730971007209710072093100710971007109710071097100710971007109710
1388160062210690931006909310068097100680931006709710068093100680931006909008
1388160062220700901007108710074082100780710808106508082063090830631008306310
1388160062230830631008306305082067040810720307907904078082080780820907608709
1388160062310750870807608510071093100681001006809710069097100700901007009010
1388160062320710901007209010074082100750821007607609081069080860550608705906
1388160062330860590608606308084070080820740808107710079082020790820007708700
1388160062410770850007608700075090000730970007210000072097020720970707409310
1388160062420790791008107209085063050880570409105204092049060920510609305104
1388160062430940490409304703090056070810630807906209076074100700971007109710
1388160062510701000907009708070097060690971006909706069097080690970707109007
1388160062520750840407907210079069100810601008305710084055100870481008305510
1388160062530850480808404908081056090790520907605210075054100740571007206109
1388160062610710661007206610070073100660931006609310065097100650971006509710
1388160062620660931006709710069093100700901007108710070084100680901006808410
1388160062630700731007007610069078100680781006608707065093070640970906409707
1388160062710640970706409708064093090640930206209700060100020620970306509002
1388160062720690730207306201077054020780500408004403083041030840410208503602
1388160062730830440008204402081049020800520207805802075066000700810006808400
1388160062810670870006608700065090000660870006508700064087000640900206608702
1388160062820720760607606908079062090800581008305310083051100840510808504808
1388160062830860481008504910083057100820581008006510077076100770711007507610
1388160062910750711007208410070090100690900806809010069087100690870307008409
1388160062920730840907707609080072090830631008606110087059100890571008805910
1388160062930880591008905608088057070870610708406706082074030790880207708700
1388160063010760870007509000074090000730900007209700071093000710970907309010
1388160063020770870908206509086053100870531008905209091049090920491008705310
13881600630309104205091047070910500508905605083077030810790207908200
1388160070110740930907509000073095000720970007409100073091090710950907409108
1388160070120770830907907810081076100830751008606710090060090910571007707110
1388160070130750811007009710072091080740890607209403072094020710950207109506
1388160070210720930607209110073092100730911007409010072093090720950907309209
1388160070220770851008008006084073040880630509005608088060080910540709305306
1388160070230940490709205208079084090780820807708808076091080760911007509304
1388160070310750920307409303073092010730930007309300072092030710960507309205
1388160070320770820708307006086065080850570808804907090045050920440409504203
1388160070330940440309404405093050050850630907706108075072050730770307208005
1388160070410710850907208409071087090710851007008806070088100690921007308207
1388160070420770700908206106087052090880500808805107089050080890510809005008
1388160070430870540908905407090051030870600608306804079083030800770407908302
1388160070510770860507608506075089100740941007309510073093090720940907509210
1388160070520760780607907006081065090810651008405910086056100890520708705509
1388160070530890500608705607085059070820671008007310079077100780780607707907
1388160070610770831007707910076084100770820707508905074091100730901007408510
1388160070620740621007406410075062100750621007606010076063090760671007906406
1388160070630810620508106406080066070780691007507609073081100720841007108510
1388160070710710851007108610070086100700841007008310070079100700801007008010
1388160070720680921006909010071087100740831007706709082053090830481008105310
1388160070730810550908205904080062080780720807607706074082030720870007108800
1388160070810690900006909000068092000680930006809100067084010660880206808702
1388160070820720810507806405080061050820540508604805087046060880440408704304
1388160070830880440408704602085049000810580107906500075074000750730007407506
1388160070910720810707008510070084050690861006908609069086100680901007008810
1388160070920730870907707409081059090820581008405610083057100840500808704807
1388160070930850481008405710081062100800661007907010077075100750820907508107
1388160071010730860607308509071086100720861007308210072084100720841007208510
1388160071020740801007507910077070100790641008106210081060100810631008306010
1388160071030810631008106410079072100770791007508810074091100730961007209610
1388160071110720941007109410070094100700951006909510069096100690961006909510
1388160071120700951007209010074085100780740908206409086057090830590908505908
1388160071130870550708605703085054010840570008206700078078000760810007608501
1388160071210740870107209300071092000710930007109000070091000700930607109109
1388160071220730871007408510076079080770771007907110080071090830650508406104
1388160071230840600308505700085056000830610007907200076079000750790007308700
1388160071310730880507208800071092000720890007109100068095000680950207109102
1388160071320770810408007301083063060850570508805305088049040900470609104605
1388160071330910470309204503091048000880520008506101082068000790740007708100
1388160071410760850007508800075087000750880307409007074091010750880707708606
1388160071420780831008007810080080100810791007908410078088090770900908107110
1388160071430820781007908610080081100800801007907509077067080750650007306500
1388160071510720670007106800070070000670780006707900066080000650830006807500
1388160071520700640007406400077057000810520008304900085047000870460008804201
1388160071530890420208804201087043010850480208105502078064010750690007307300
1388160071610710790007107600070080000690820006908200067085000660880006808300
1388160071620720790007507406078062050820500508204706084040050870400708404307
1388160071630850400508803901085042000810510107905601077061000750610007206500
1388160071710700750006907300068079000670810006707700066083060640880706807908
1388160071720710781007507810078069090830530908405209087040080890410908504610
1388160071730850481008604308084047080820500807905407076061060740660007307106
1388160071810710770607108110072079100710781006908608068090090680860907008510
1388160071820740751007806700082059000850480008704301089039010910370309003903
1388160071830910360209103803088044010860470108105401079060000760650007506500
1388160071910730690007206900070080000690850006808900068089030680890906908810
1388160071920710901007308610077080100810721008505810085056100870430808904407
1388160071930890390709004207087045070860480708205910080062090790640807706710
1388160072010770731007707510075083100750840207308900073087050720890707308607
1388160072020780760808106506084053040870450708904307091040050920420609303705
1388160072030950350509303605091040030900420408505003081058000800610007806600
1388160072110760700007606800073073000710800007107700073069000720710007307200
1388160072120760650008005800083052000860470008904000091040000920380109003903
1388160072130900400309103801092039000890440108505201082054000800590007806300
1388160072210770640007407000073073000730770807308010073083100720900607308806
1388160072220760850608007305083068100850630808106709083063070790650908306406
1388160072230810740608306907084066070830690908007908078082080780800707608307
1388160072310750851007309310073090100720901007308710071091100700890907209210
1388160072320740851007907706083065000840620008705901088055020900500708905006
1388160072330900490707408810075091100740901007209410071094100710960907109605
1388160072410710970007109500071096060710951007109509071095050700980607209709
1388160072420740911007708510078083100810761008307007086062070900560708805507
1388160072430890540708905307090057060840700908007308076085030760880007509000
1388160072510740940607509206074091000730930307309300072092050720940107309410
1388160072520770830107808410080079100830730908506906089060070910530709205206
1388160072530920540609204906088060040830700808107510079080060780830307608702
1388160072610750910307609101074095060730970607409610075095100740970907409710
1388160072620770921007808810079084090820740808606407087062080880590708905407
1388160072630880560708805606086062080840670708206705078079060780821007708507
1388160072710760890907509106074094060730951007309710073096100730961007409510
1388160072720750931007808410080080080820720908506608080081080770851007309510
1388160072730760920908107809079085100770871007409309074093030730930507309300
1388160072810720940007109500071096100700991007109610070097100700981007009910
1388160072820710961007209210077079100800711008406310085054100850571008405710
1388160072830810661007109510071096100720941007209110072093100710951007109710
1388160072910710981007209610071096100710971007009810070096100700971007009610
1388160072920710961007209610072096100710911006909010070085100740700907606509
1388160072930750661007306710073068050720690306907704067080030670810006508500
1388160073010650860006309000064087000640880006408800065089000660840006708400
1388160073020710770007607000080061000840570208405705086054070880490808804908
1388160073030880490508904503087051040840601008106810079074100780780807707910
1388160073110750821007507910074082100740821007208910071090100710911007109209
1388160073120720900907508510079073080830680608406507085060070880520408905205
1388160073130900500708805108083064080800771007808208074072100720851007008810
1388160080110710870806909004069090090690901006809010067093080670930806809008
1388160080120700900607508203081065030830650308506106087057080910500809004807
1388160080130890550708905206089052060850630608306906081074060790820307708500
1388160080210760870007409300073093000730930007309300072093020710970207209702
1388160080220770850108207201086063020880520409204504092049050930470409204903
1388160080230940440209104902088053010860610108306706080074040780770307707902
1388160080310760820007508700073090000730900007209300072097000720930007309000
1388160080320760850008206900085063000900540009404400095039010960400209703502
1388160080330930440109304402090052020870610208306703080072060780710607707407
1388160080410750790607508506074087070730870607109703071093060710970807209708
1388160080420770820408406701087057000900500009204903093043050910500909105210
1388160080430900561008106710080072090800740907807709077082090770820807608510
1388160080510770850907708708077087040750930707708507076087070750870707509006
1388160080520780791007907910085065100870611008806109090057090890521009204709
1388160080530900541008705910080072100790791007808510077085100780820907608707
1388160080610760870207509002074084000730900107109700071097100710971007109706
1388160080620750870707907710083067090850630708706106089055070900520809204908
1388160080630910500609105007084067100810691007807910078077100770791007608709
1388160080710760870907509010074097100750901007409310073097100740931007409310
1388160080720780851008207410085065060870610809005206091052060930490709304708
1388160080730830651008206710081072100800721007807909077082060770820807708206
1388160080810760851007508706075085060750820607408706073087020730900307309000
1388160080820770820008107403085065020880610609305208095044060950440609404606
1388160080830940460709005610083065100820691007808210079079100780770807608707
1388160080910760870607409307072097090720970907209703071097050710971007209304
1388160080920770820308306706084067100860630809005206090050040930470709504307
1388160080930910600609504405089055080820671007309710071097100730931007309710
1388160081010730931007309308072097070720971007209710072100100730931007309708
1388160081020740900907508708081072070850630808805507092047070910500709005708
1388160081030870630907408710071093100710971007209310071097100720930807209310
1388160081110720970907109709072097070711000707109703071097100710970307110005
1388160081120740931007708510078082100770911007509310077085100710971007409010
1388160081130750851007608510074087100740871007309010073090100730901007209710
1388160081210720971007209310071097100710971007109710071097100701001007109710
1388160081220720971007309710073097100770871007907910081074080800790808306509
1388160081230820741008506309083065030800790907609410072097100720971007110010
1388160081310711000807109709072097100720971007110005071100080711001007209709
1388160081320740900907608509080074080820690808506308085063080870570508805505
1388160081330870570408805502088055010840610208206905082068000780790007608500
1388160081410740870807509008074093080730930607209705071097030710970807309310
1388160081420760851008306509085063080870570708905404089050040920370509204505
1388160081430930440509304108083063100730901007209710071093100730901007209310
1388160081510720971007209310072093100720931007109710071097100720971007209710
1388160081520730971007608710078082100800791007907710081069100840630908406309
1388160081530860610808406308083069100810690907907706074087000720870007109000
1388160081610700900007009704070097000700970006909700069097000680970006909700
1388160081620710970707309008078079000850630108805201090044010910440608904706
1388160081630860510708007908082069090720761007208406072081020720840207208701
1388160081710720870307109003070090080700930407009005069093100690930807008710
1388160081720720871007706906079065080810580708305909085053090840550908405305
1388160081730830550308205606080058080780640807507407074076070720810607108100
1388160081810700810006908100067084000660900006608702065090010650900006609000
1388160081820680870007207303076066070780580708105307084049070820490708504806
1388160081830860430708704309080060090770640507506903072076000700810006908400
1388160081910680840006609000065090000650900006409700064093000640930706509009
1388160081920690870907506907079060050800560408205604084053050860510408605006
1388160081930850510808405505081063080800671007807410075082080750820407507910
1388160082010740821007308410072084100710871007108410071084100700870307008702
1388160082020740790307707108080069080830630708605707087053090870510608905006
1388160082030870501008605510084061100830670808007405078077030760820007508500
1388160082110740840007408400073087000710900007109000071090000690930707109007
1388160082120750820807807410082067100850631008705710089050100880550908905009
1388160082130890470908905209086057090840651008206710077079100740931007309010
1388160082210730931007308710072090100710971007109710071097080710971007109709
1388160082220740900907907909078079100790791008107710083069080860590908506309
1388160082230870570808007910078088100760941007609410076097100740901007309310
1388160082310730971007309710073100100730971007409710073097100731001007409310
1388160082320730971007409010075087100760851007608210079074100780771008106910
1388160082330810691008107210081069080800720907608709074093080730971007409310
1388160082410730971007309710072084100710871007008410070090100690901006909000
1388160082420720810007607100080062000830590208405706085055080850510708704806
1388160082430860500408405505083059020810630207806702076074010740790007307900
1388160082510720810007108700069090000690901006909010068090060670900506709306
1388160082520690871007307305076062060780560608005105083041050840400708504008
1388160082530850410808204607080054070770560807406408073066050710710407007304
1388160082610700731007007310069078100690811006908110067090100670901006708410
1388160082620670841006907610071073100720711007406910075069100760641007906010
1388160082630800621008006210078069100750741007407910074076090720811007008710
1388160082710700871007008410069087100690871006908710069090100690901007008710
1388160082720710840707607405078071080800671008206310082065100850591008406310
1388160082730830651008206710083067090810740507907902077085000750900007409300
1388160082810740930007209700072097000710970007009300070093040700900707109708
1388160082820740900708007705083061010870530009005009090050090910490808905007
1388160082830920450709104907090054060880570608407203081077010790850007907900
1388160082910770870207609000075090000740900007409000072093000720970007309300
1388160082920780820108406700087057000900480309204505091047050930440409304402
1388160082930940380209304302092045020890540208506703082077030790820407908501
1388160083010780880007509000076087000750900007309300073097000720930207309302
1388160083020770870008206900088055000910500009204702092049070900521008506710
1388160083030770851007807910077082100780820807608705075090040730970107309302
1388160083110720970007109700071097000710970007009700069100100681001006909703
1388160083120730930007807900083069010850630208905504089054050890540609005005
1388160083130900520208905505086061060830690808107209079074060770760507607906
1388160090110750820707409008076087100740870807109308070097080690970807109710
1388160090120740901007508710078077100800691008406109084059090870530908804705
1388160090130870450608605508086055080770740907507910073082100730821007308210
1388160090210720871007308410072087100710900807009309070097070690970806910006
1388160090220710900607607901081067010850550108904802090045040930430609304005
1388160090230890550309205408087059030840590407907704076082030740840907409010
1388160090310730901007209009072084020710840006809000068090000670900007008100
1388160090320740740007806700081060000840570008705305086053060900480708805508
1388160090330870550808405906086057020820650107807100074082000750790007408206
1388160090410740820607308203071090000700930007009304070090050690931007009310
1388160090420710901007507910075079090800690908206709084059080860550708505306
1388160090430880480408904702087053000810650007807400076076000740840007208700
1388160090510720870007109000071087000700900006909300068093000670900006809000
1388160090520730820007707600083063000880520108904503092042070920440509304105
1388160090530940380509403803090047030910410308306305080072080780790807807903
1388160090610760850007408400074087000740870007408400071093000710900007208701
1388160090620760820008107200086063000890570009105003092049070920520609205006
1388160090630920520608706100083072020820740207907908078079080770820607608509
1388160090710750871007508710075090100750901007409310074093100740931007409310
1388160090720730901007209710071084100700871007307910075074100750761007906510
1388160090730790620907906707075079070720840707108410071087100710871007009003
1388160090810680930006909309070090100700901007008710070087100700841007008408
1388160090820730760707607110078071080830630808405908086057080840590808306310
1388160090830850610908605706084063020820690107907400077079000750850207209000
1388160090910720900007109000071097080710930607009307071090080700930107009301
1388160090920750850108007401083063010860550408905005087053060900450508805005
1388160090930900480508805002086057020840610108006900077079000760850307508703
1388160091010740900607409302073093070710930707309704070097010690970407010009
1388160091020730931007608709078085090820670908905407087055070810720708705907
1388160091030830650708606107081069060790720307907202075085000740870007408700
1388160091110730870007308700072090020720930607209710072097100721001007209710
1388160091120730971007509010076090100750901007609010075093100750931007509010
1388160091130740931007209710072093100720931007209310071093100710931007109010
1388160091210700930107009706070093020690930206909000068093000670930206808704
1388160091220710810407406901076064020780500208004100081041000820400008303801
1388160091230830370108104400079047000740550007106600068071000660760006507800
1388160091310640750006208100059087000580900005809300057090000580930005809000
1388160091320640810107006601074055000770470007804503079041050800390407903802
1388160091330790380207903201076040020720480206805701064068000630650006206500
1388160091410610670005907200059065000580690005607500056072000560720005308300
1388160091420610650006804703070041070730350907403609073034090750340807503609
1388160091430750361007304110072043100690571006606510065070100640701006406510
1388160091510610781006107510060078100590781006007210059081100590841005908110
1388160091520610781006207510066065100710591007206210075060100750561007606010
1388160091530780561007606210074071100720731007008110071079100700811007008110
1388160091610700811006908410069081100680871006808710067090100670841006708710
1388160091620680811006908110070079100710761007307310078060100770581007905410
1388160091630790521007705010076056100730621007306410071066100690661006806810
1388160091710670701006607610066076100650781006408410063087080630870906408109
1388160091720670700906906810072068090760660707806210079060100790651007906510
1388160091730740791007307909073082080710870707108710071090090710900307109310
1388160091810700971007109310071097100710971007109710071093100710931007010010
1388160091820710971007309010077079070780710708206107082058080850530808405509
1388160091830830590908405509079072100770761007508205074084070740870407209005
1388160091910710930507009310070093020690971006909710069097100690971006909708
1388160091920700971007409010077082090800720907907407081069080820690808405706
1388160091930840570408405901081067010770760107408701073087070720900307109300
1388160092010700970006809700068100000671000006810006069100020690970006810000
1388160092020691001007308700079069000830550008604800088042010900340109003801
1388160092030910350108904101086051000820580008006200076074000760740707507604
1388160092110750740307207310072071000700760007007600068078000670780006708100
1388160092120700680107306600077062000820550008505300084057050880480608405706
1388160092130850550508305905082061060780740807507607073076070720791007108110
1388160092210700810907008110070084100690871006909010069090100680871006808410
1388160092220690811007007610071071090720661007306410074064100740601007505806
1388160092230750580707305910072062100700681006907310069071100680731006607810
1388160092310660781006707810067078100660811006508410064084050620900706109309
1388160092320640840006906803071059080720570707405206078045040790470108004500
1388160092330810440007904700076052010730590107006601068076000660760006507800
1388160092410630840006208400061087000610840006008700058093000580900005709300
1388160092420620840006707000070059040730510107305000078040000780400008203500
1388160092430800360008004401079045010720570307006100068066000670680006607000
1388160092510650750006408100063081010620840006108400059087000580870005709000
1388160092520600840106506805067059030700570007305100075045000790380108003301
1388160092530790380107704203073051060690590706606807065070070640730806207808
1388160092610610840306008402059087070590840505809003057090020560930605609310
1388160092620580901006307510066065100680590907205508075048080760450907704310
1388160092630750481007405410071061100690681006707010065073100640781006307810
1388160092710620811006208110061084050590870705809010057093070560960705709310
1388160092720590901006507303071064040720571007405510075052100740541007704810
1388160092730740551007106810069073100680761006707610063093100601001006309010
1388160092810630901006309010062093100620901006209010063087100620931006209310
1388160092820610971006109710061093100620931006309310063093100630931006209310
1388160092830630901006308710062087100610931006109310061093100601001006010010
1388160092910601001006010010060100100600961006009610060096100601001006010010
1388160092920601001006109710063097100640931006409710065097100670901006808710
1388160092930690841006908710069087100680900506609710065100070650971006509710
1388160093010660931006509710065097100650971006410008064100100631001006310010
1388160093020631001006509710070081070740740707706206081053060810530508104 04
1388160093030820490308204701080052010740710007107900070079000660900006509000
1388160100110640930006509000062090000610900006109300061090000630810006308100
1388160100120660760007006800074062000760560007Z05200081053010810510508204 06
1388160100130810530607905403075062020720680007007600068076000650840006408404
1388160100210630870206209004062090100620901006208710062090100610901006109010
1388160100220610901006208710064084100670781006907810070079100720761007307307
1388160100230740740607307608072076000700870006909000067093000670930006809002
1388160100310670930006609700065097000650970006310009062100100651001006410010
1388160100320641001006709707073079030800620108405303086046030860480408704507
1388160100330850490908105810079065100640901006408410063090100630931006408710
1388160100410620930906010002060096000581000005810004057100050571000405709603
1388160100420600960706408708067076070710730407306606075064080770600408005401
1388160100430790560107706206074071100700791006807610066084050630930506309002
1388160100510620930906109304060093030610930506109708060100090601001006109708
1388160100520640931006409310066090100710790707307107076066080750711007806407
1388160100530760690707507108072079100690871006610010065100100651001006509710
1388160100610641001006410010065097100650971006409710064100100651001006510010
1388160100620661001006809710069097080730870807507910077074100780691008006709
1388160100630790650907407109072084050720870607108710070090100690931006909009
1388160100710680900806809710067097100660971006709710067097100670971006709710
1388160100720680971006909710070090100690971007009710068093100680901006908110
1388160100730680841006808710068084100680811006708410068078100670841006608710
1388160100810650931006309710063097100620971006209710063100100620971006110010
1388160100820610971006109710060093100600931006009610060093100610931006109310
1388160100830610931006009310060096100600931006009310059096100590961005909610
1388160100910590961005810010058100100581001005909610058100100581001005810010
1388160100920591001006009610061093100620901006309010064090100650871006608410
1388160100930670811006708110066084020640900206409000062097050620930206110007
1388160101010600960305909606058096000571000405810010059096100590960405810002
1388160101020591000906409009067084080710730807406609074064090750620707506205
1388160101030770600307606001072068020680840306609001064090000640900006309006
1388160101110620900006009300060093000590960005809600057093000570930005709300
1388160101120590930006508100071073000760640007705200078054010790520108204300
1388160101130820430008004500076056000690780006508100064081000610840006208400
1388160101210600840005908700058087000570900005709000058083000560800005508300
1388160101220580830006507300071057000770430007903800083036000820400008203400
1388160101230830370008103900076062000710730006607800065081000620840006108700
1388160101310600870005809300058090000570930005809000057090000570960005809300
1388160101320640750006807600074064020800540208104702081049020840440208304102
1388160101330830460208204906077060060740690606908106067084060660840606707600
1388160101410620900006009300060093000590930005909303059093020580960705909309
1388160101420610901006707809074066080790500508004504081046040810490507805605
1388160101430820460108004902075064010730710007007600069076000660810006608400
1388160101510650870006309000063093000610970206109704063093040630930706209308
1388160101520630971006908710072076100740711007506610077062100760641007606410
1388160101530750661007406909071081080700810907008109067090000650930006509000
1388160101610640930906509309063097040620971006209702063093050630931006209707
1388160101620620970706708701073073050750640707606208077060060820510608005204
1388160101630800520407805208074064090700760806806610065084100640870206109300
1388160101710610930006009300060093000590930006009000059093000580930005809600
1388160101720620840006608100071064000760560007805403078050050770520407804701
1388160101730790490107605600072066000690730006807600065084000630870206408710
1388160101810640871006408704063084000620870006109004061084040600840005908102
1388160101820590840106706306071053010730460307604500076048000790470307904702
1388160101830790470307705403075060040720710406908102068076010650840006408702
1388160101910640840506308710061093020610930206009600059096040581000905810008
1388160101920610970906608410070073100720711007307110074071100770561007705810
1388160101930760601007506410072076100710811007008710067097100670931006709710
1388160102010670971006709710068093100680931006709710064100100640971006309709
1388160102020641001006508407063070060660590606705503068051030670510606705106
1388160102030640520506204805059054000570570005405700051061000490630004806102
1388160102110470610804706108047061090460660904606310045065100430710204107603
1388160102120440710104905600052050000550450005804700058049000600460006104601
1388160102130610430106004100056047000520640005106400049069000480710004806800
1388160102210470710004607400044079000420820004008600039086000380930003808900
1388160102220410860004907100053059000570470006004600060046010640430306504002
1388160102230630410006204100059046000530690005007700050071000470800004708000
1388160102310480740004508600045086050440930804508605045086000450860204608609
1388160102320460861005407210058065080600620906405608067049020710460207104403
1388160102330700420506904606066049020630560206205802061060020590670405807206
1388160102410570780805707804054080000560770005507200053072000510740404808006
1388160102420550590406005000064045020680330107003200072030000720300007302700
1388160102430730200006802000063024000590290005603600054037000520450004904400
1388160102510480460004704600044053000440510004305100040062000380670003608900
1388160102520390760004705600052045000570360005903200063029000640260006602700
1388160102530660250006503300057057000540620005106900048074000480710004607700
1388160102610440790004307900041086000400860004108203039089030390890304008607
1388160102620400860904907109055059090610440906204509064040100630401006304110
1388160102630610481005905410058055100560671005606710055077100530771005308310
1388160102710520861005109310052090100510931005209310051093100510931005009610
1388160102720510960905508010058067080610560806504509067042060700380706604310
1388160102730620651005907210057072100560771005507710054083100540801005408010
1388160102810530901005209310052090100510961005109610051093100501001005009610
1388160102820501001005208610053083100550771005707209059062050620580706205608
1388160102830630560406206000059067000540800005208300050086000500860105008600
1388160102910480930004809300046093000450960004609300047093000460960004609300
1388160102920480890005507500059065000640520006605203068047030670470006904600
1388160102930690470006804700061070000560770305607702054080000510830005008605
1388160103010500860805008906052086080520860305108600050086000500860204908905
1388160103020510830805507504061058020640520806405008067045020700460207004401
1388160103030700440107004401063065040610700605807506057072080550800405507507
1388160103110560720805507209054074090520860905208310052086100520861005209010
1388160103120520901005408310055083100570781005707810058069100580781005609310
1388160103130550961005510010055100100550961005509610055096100541001005409610
1388160110110530961005310010053096100521001005210010052100100511001005010010
1388160110120491001004909610050096100560800405906503061067020630580106505200
1388160110130640560006405200058065000550770005307700053072000510740004808300
1388160110210450890004408600043086000410890004108900041089000380930003908900
1388160110220430860005107100059051000640470006804200070038000720380107303301
1388160110230730320207003902066047040650490206405007062065100590751005806707
1388160110310550750205507500052080000510710005006900048077000470740004905400
1388160110320490630005206100056047000580420006103800063035000630340006503000
1388160110330660290006503300059042000560400005304700051052000490560004805400
1388160110410460610004506000045056000430630004306300042063000400700003708900
1388160110420390760004606800056042000590380006103500062032000650260006602900
1388160110430650270006203500057044000540510005105700050056000500560004806300
1388160110510450710004307300044071000430760004207600042076000410790004008601
1388160110520440760104906900056055000620350006503600067035000710310007303302
1388160110530730370007004408068051100620671005707810056067100550591005305900
1388160110610490590004705600045058000420630004106500037076000340850003408500
1388160110620380790004605400048048000520400005403500055034000570320005703000
1388160110630580310005503704052047090520471005104610047058000460580004405800
1388160110710430630004205800040062000380730003707000036067000350670003606401
1388160110720370590104105101045044010450320004603400048028000490280004902700
1388160110730490270004803200044040000420450004004900038053000380530003705000
1388160110810350640003505900033064000310720003107500029075000290750002907500
1388160110820310720003905100045051010460400104804200050032000510350105303201
1388160110830530320605103308047044080440560804006804041058030380620003706700
1388160110910350760003507604035076000350700003407900033082100370820303907308
1388160110920400680904406010047054100520521005205010052052100500611004906610
1388160110930470861004708610047086100480860904708910045096100460931004609310
1388160111010470891004609310048089100471001004809610048096100481001004809610
1388160111020481001005010010052093100550901006008407064075050670680806706305
1388160111030670660806506508059062070540590605105705049059100450650204306309
1388160111110430581004206008041065100400601003906010038062100370670203607009
1388160111120350731003706410039062100400681004305610044042100450561004505610
1388160111130450561004405810044063100450581004506310043071080420710004007601
1388160111210380820003708203041076100400730403807600036079000350820003508200
1388160111220360820004206500047058000520520005605300059048000640410006304300
1388160111230630430206005008056060090530640504907400048074020440830104407907
1388160111310440830004208900040089010420860103808600037082000370860003308900
1388160111320360890004408300052066000590540006005000063041000630430106603902
1388160111330630460806105609057062090540690805107410053069100490800304708000
1388160111410470800004308600043086000420860003909300039089000410890004208600
1388160111420420860004907700056067000620460006703900069036000710310007302900
1388160111430720300006803900061054000570620005506700056055000500690004807400
1388160111510470740004608000045083000450830004208600042086000400930004209301
1388160111520420860105007701059060030650470506803604071034050690321007103110
1388160111530700310906803610063046100600481005904810056051070540590605206606
1388160111610510690405106405050074040520770405208306050086030490930404909308
1388160111620500931005609010061090070670730306807609071066100730621007305710
1388160111630720591007106410069068100680711006807110066078100660811006607810
1388160111710660781006508110063090100620901006209010060087100590781005707210
1388160111720560640905805807061038060630340706703608066034090680330906803309
1388160111730670351006404010062045100610481005904410057051100550531005405910
1388160111810490741005106910049074100490741004807708046080100480741004707410
1388160111820470741005006910054064100550641005606410057064100570641005806510
1388160111830570671005706910055075100540771005308310051093020500890004709300
1388160111910470890004510000045086000430930004309300043086000440790004507100
1388160111920460680005205700056047000580420006003900061035000610350006203200
1388160111930620340006103800054051000500640005006100046066000440710004407100
1388160112010430730004207600038082000370860003708600036089000350850003408500
1388160112020350890504307606050066080570470706003906062038050620350506303507
1388160112030630350406004410056051100540591005405909049071070480740504807103
1388160112110470741004708010047074100470741004607410046077050460740404308610
1388160112120430860805106602059050000660400006703300069031000690260006903000
1388160112130700300006703500059048000570510005206400049066000480680004607100
1388160112210460580004207300041076000400790003908200040076000380760003808206
1388160112220370820704507704058051030630380306603406068035040670350306903501
1388160112230680350106503904062045070590501005804710057055100570531005505910
1388160112310540641005606010055059100550641005506710054090100520901005109610
1388160112320510961005110010052100100540961005509610056096100570961005709610
1388160112330571001005709610056096100560961005609610056093100550961005509610
1388160112410550931005409310053086100530831005208610052090100510931005009310
1388160112420480961004809310048083100490741005006910050066100510691005107110
1388160112430500661005006410049069100490691004906910049074100490741004907410
1388160112510490741004808010048080100470801004708010047080080450860804408910
1388160112520450861004807710050074100520741005607203059067030640580206405601
1388160112530640560306006503056072010530800005008300049083000470860004708600
1388160112610460930004608300043089000410930004408600040096020400960203810003
1388160112620391001004410010050093090540860605608300058083100650630106505902
1388160112630640580306206504060070040570780405508003054080020520860005108902
1388160112710480860004709601047100010470960004809602043096010441000204610005
1388160112720460960905109608056086090610750806506109068055090670630906905909
1388160112730670631006506509063070070610750205908100057090000550930005409600
1388160112810530960005209600049100020471000204710003046100030461000504809609
1388160112820490930905409307063078070660680806806309070061090720570907105309
1388160112830700531006706110064075090630841006308408064081100600900706009610
1388160112910610931006309310062097100630931006409310064093100630971006309710
1388160112920630971006509010065090100660871006409310064093100650931006608410
1388160112930680680306605403063056000600560005504000052038000500390004803900
1388160113010450440004304200041053000390480003704800035054000330610003205900
1388160113020330520003903900042031000450270004703400048034000490280005002400
1388160113030490240004702900044024000410330003903700038044000360420003504600
1388160120110340440003204700032049000310490703204710031045070300470603004506
1388160120120290450603104302034037060360340103802700039026000410270004202600
1388160120130430240004002500037034000360390003503900034038000330380003104100
1388160120210290490002904700028051000270530002705500026053000240630002306500
1388160120220260660003104300035039000380340004103300045031000480290005002800
1388160120230480290004603600040043000360480003504800033054000300660002905600
1388160120310280530002606300026066000240710002307100025075000250690002107100
1388160120320220810003005802038043010440400004803400051028000550270005602100
1388160120330570240005402600048036000430490004304300041043000380550003705700
1388160120410350570003106600033054000290660002807500028075000300780003007200
1388160120420280780003406700043053010530370105902602063028030660250306702003
1388160120430670190306401900057030000510390004904300046046000440510004305100
1388160120510390620003905500039053030370570303805502035067060310750603407608
1388160120520340790903806508046056070580330406202905066020060680140606801408
1388160120530670180806402409058037090560300305303800050044030470561004604607
1388160120610450511004604804045049040430561004107010040070030390700703907009
1388160120620410680904805603055035030610270806402405067019030700160806901709
1388160120630670170906402408061024070580350605503408054038070520410805103903
1388160120710480480104605200044056000430560004206000039070010430580104206502
1388160120720430650204906302060058020630560406605106068049040690470207004403
1388160120730680450206504706061044030580470205505102054049080540510805205003
1388160120810490560104805001046058080450630504804410042071010410700104305110
1388160120820430491004604610047042100480421004804110053032100520371005203810
1388160120830500431004904610049050100490501004905010047054100460500804304906
1388160120910400550503805310037052060350540003405400032059000320610003105900
1388160120920300580003205602036052040380430304003901040038010430350104403701
1388160120930440350104104001036052000330590003205900031059000280660002806600
1388160121010270660002607200025072000250720002307400023078000230810002307802
1388160121020250720303105410036048100410491004604210049036100550301005502910
1388160121030530301005303410048048050460440504405305042058100400620804006207
1388160121110400600704006208039065080390671004106810040076100400821004008610
1388160121120390931003908910038093100380931003809310038093100380931003709310
1388160121130360921003609210036096100360961003609210036092100360920603509200
1388160121210340920003509610037100100371001003610008036096040340960003608902
1388160121220370820003907600039070090390550603805506039051070380410303704205
1388160121230360390403203303030043000290490002705500026055000260580002505500
1388160121310240440002304400022044000210430002004500019039000180390001704500
1388160121320170390002003800022031000250400002702700028027000310220003202200
1388160121330330180003102101030033010290340002604000023055000230480002304800
1388160121410210680002006500020065000190620002006200021057000170710002006500
1388160121420170710002605800030049000370390004203200046027000480290005002801
1388160121430500240804702908043042080410350803904306038043090360480903504610
1388160121510350501003704610038044090350481003604810039045100380501003705210
1388160121520380501003904810040049100410451004104710042045100410511004007610
1388160121530400861004008210039086100380890903709307037093070370931003509602
1388160121610340960003310000034096000300961003109610031100100301000403109610
1388160121620320960903309607037086020420280004302800043028000430280004302900
1388160121630420290004003600037037000370330003403700033044000310490002806600
1388160121710250630002706300024071000240710002206800027058000220740002107805
1388160121720210740503005807035048070380460804302907046029060470280405002500
1388160121730500250004803200043042000400450003705200035057000330640003405400
1388160121810350500003405200033052000330520003205200031059000300640003006100
1388160121820310510003504800040041010430380004504000046039010480360204803007
1388160121830470360804404008040053050370620503705703035057020320610303305606
1388160121910320691003205202032059020320610002807200026072000250750002607500
1388160121920270750003306905040055000460400005003503054021050550300705403308
1388160121930540340605204106048042050430560204504700044051000410620304106204
1388160122010410600904106010041058100400551003905710037057080350620703506407
1388160122020350640703905105040053050420490304404901048042000520410805004408
1388160122030510431004904810048054100470581004805610047061100460661004507710
1388160122110420861004308910043096100440961004509610044096100440961004409610
1388160122120450961004409310043079100390651003806510037062090390460804004104
1388160122130390390003604800032040000310410002904300027046000260440002405300
1388160122210230480002204400020052000190390001803900016051000150590001605400
1388160122220130640001705400021038000230350002503500028032000290300002903400
1388160122230300340103003601027041000260290002404400024048000240460002304600
1388160122310230500002205700020057000200570001906500018065000170680001707400
1388160122320180710002206800027049000280370003004100031038000340330103403303
1388160122330350320003403100032038000300470002904704028047000270510002705300
1388160122410260510002505800025058000260581002706610027063100280631002906310
1388160122420290611003006110032054100320961003008910031096100310921003309210
1388160122430330821003408203033085100330890903308509032089090320851003208902
1388160122510320891003309206030092000290920002709200025092000250960002409604
1388160122520240960102809200034085000400760004407100047061000500560005105000
1388160122530510520005005400046066000420730003907900039079000370820003508500
1388160122610340920003308900033092000330920003309600032096000340890003209200
1388160122620320920003708900043076010490610605006109054057080520641005405701
1388160122630550550005406400051066000490740004707400045083000460860004608300
1388160122710440890004209600043096000400960003709310039100100381000504009310
1388160122720390860104207600046061000490560005105001054047020550450705504506
1388160122730550450805105209049054100460580604506010043063100400681003906503
1388160122810370670503607004035076030340730003406709032069080300690602907203
1388160122820290630803006106032052070340461003704604039045010440380404304302
1388160122830440440204204704040045060400451003904810039048100390511003905110
1388160122910390531003506406035059100330641003206907033067080340611003207208
1388160122920320690703606408042049030440470904904409048044100480481004705410
1388160122930470521004705410047054100460581004605610046058100420861004109310
1388160123010410931004109310041100100420961004209610042096100420961004110010
1388160123020420961004109610042100100480800005205700056049000570400005704400
1388160123030570470005404900049059000470540004405800043060000420630004106800
1388160123110400700004006800039067000340820003308200033079100351001003609610
1388160123120360961003609210037093100410820804507408049063100510611005006410
1388160123130500641004906310047077100470801004508910044089100420931004209310
/*
//RUNB1683 JOB [1405,P,A,092110],APPLEYARD,MSGLEVEL>1,CLASS>A
1700122        50
7000001    1    1ALL ELECTRIC        5    1
7000002    1    2INTERIOR LIGHTS     5    1
7000003    1    3EXTERIOR LIGHTS     5    1
7000004    1    4EXHAUST FAN         5    1
7000005    1    5ELEVATORS           5    1
7000006    1    6H.W. PUMPS          5    1
7000007    1    7DOM. H.W. HEAT      5    1
7000008    1    8CHILLER             5    1
7000009    1    9CHILLER AUX.        5    1
7000010    1   10RESISTANCE SUPL.    5    1
7000011    1   11SUPPLY FANS         5    1
1930120                     1         1
0111300     45000
0111400     43500
0111500         9
0111600         1
0111701A    ALL-ELECTRIC HEAT RECOVERY
0111800
0111900    1
0112000    8
0101000M. ROOF            10 0.847089   0.113
0112101    2
0112102  102
0112103  151
0112104  186
0112105  249
0112106  329
0112107  359
0112108  360
0112200    0
0200000    1INTERIOR LIGHTING + MISC POWER
0200100    1
0200200
0200300  120
0200400    1
0201000    2EXTERIOR LIGHTING
0201100    2
0201200   15
0201300    0
0201400    1
0201500
0201600    1
0201700
0203000    4EXHAUST FANS
0203100    3
0203200    4
0203300    0
0203400    0  800  800  800  800  800  800    0    0
0203500    0 1600 1600 1600 1600 1600 1600    0    0
0204000    5VERTICAL TRANSPORTATION
0204100    4
0204200   33
0204300    2
0215000   12PLUMBING AND FIRE PROTECTION
0215100    5
0215200    9
0215300    3
0210630   14DOMESTIC HOT WATER
0210631    6
0210632   18
0210633    3
0219999
0220100
0220101    2    2                        2    2
0220102    2    2                        2    2
0220103    2    2                        2    2
0220104    2    2                        2    2
0220105    2    2                        2    2
7000999
8000001    5
0300700
0300800    329900    80300
8000999
9999999
0100000GUY H. CHEEK AND ERNEST C. DOWLESS
0100100DUKE POWER COMPANY
0100200C-66.000-E
0100300092271
0100400         1
0100500TEST DATA TO VALIDATE EEI
0100600ACCESS ENERGY ANALYSIS
0100700
0100800                   1              1    1
0100901
0100902
0101105           -0.198499  0.049622
0101106           -0.127317  0.043051
0101107           -0.086280  0.034679
0101108           -0.060689  0.026944
0101109           -0.043711  0.020544
0101110           -0.031939  0.015508
0101111           -0.023535  0.011641
0101112           -0.017429  0.008711
0101113           -0.012943  0.006507
0101114           -0.009627  0.004856
0101115           -0.007167  0.003622
0101116           -0.005338  0.002701
0101117           -0.003977  0.002014
1600130    1
1600131
1600132
1600133
1600134
1609999
1700101    1
1700102
1700103   10
1700104    1
1700105
1700106
1700107
1700108   55   56
1700109  100   60
1700110   82    0
1700117
1700118
1700119
1700120
1700121
1700124
1700125
1700126    1
1700127
1700128
1700129
1700130
1709999
1800101    4
1800102        31         1
1800103    1
1800104    426454
1800105   1361310
1800106
1800107
1800108
1800109
1809999
1859999
1910000
1910101                     11
1910201                     1 1
1910301                     1  1
1910401                     1   1
1910501                     1    1
1910601                     1     1
1919999
1920110                     1      1
1920111                     1       1
1920112                     1        1
1929999
1939999
1940001 5 5 5 5 5 5 5 5 5 5
1940002
0101100M. WALL  0         17 0.745371   0.304
1600129
0220220
0220221
0220222
0220223
0220224
0220300
0500201
0500202   75   50   75   35
0500203   75   50
0500204      4535
0500205      2305
0500206      6144
0500207    9
0500208       768
0500209    1    1   25
0500210
0500211
0500212
0500213
0500214   55    1  240  205
0500215   .5
0500216 6500
0500301
0500302   75   50   75   35
0500303   75   50
0500304      4535
0500305      2305
0500306      6144
0500307    9
0500308       768
0500309    1    1   25
0500310
0500311
0500312
0500313
0500314   55    1  240  205
0500315   .5
0500316 6500
0500401
0500402   75   50   75   35
0500403   75   50
0500404      4535
0500405      2305
0500406      6144
0500407    9
0500408       768
0500409    1    1   25
0500410
0500411
0500412
0500413
0500414   55    1  240  205
0101001            1.279123  0.000023
0101002           -1.101824  0.002581
0101003           -0.027262  0.010515
0101004           -0.007619  0.013869
0101005           -0.004528  0.013119
0101006           -0.003523  0.011419
0101007           -0.002926  0.009737
0101008           -0.002467  0.008262
0500415   .5
0500416 6500
0599999
1600100          P-4 HEAT RECOVERY
1600101    1   1   2   3   4
1600102
1600103
1600104
1600105
1600106
1600107
1600108
1600109
1600110
1600111
1600112
1600113
1600114
1600115
1600116    1
1600117    1
1600118    1
1600119    1
1600120    1
1600121    1
1600122
1600123
1600124
1600125
1600126
1600127
1600128
0220106    2    2                        2    2
0220107    2    2                        2    2
0220108    2   95                        2    2
0220109    2   95                        2   50
0220110    2   95                       70   50
0220111    2   95                       70   50
0220112    2   95                       70   50
0220113    2   95                       70   50
0220114    2   95                       70   50
0220115    2   95                       70   50
0220116    2   95                       30   50
0220117    2   95                       30   50
0220118    2   95                       20   50
0220119    2   95                       20   50
0220120    2   10                        2   40
0220121    2   10                        2   30
0220122    2    2                        2   20
0220123    2    2                        2    2
0220124    2                             2    2
0220200
0220201
0220202
0220203
0220204
0220205
0220206
0220207
0220208        50
0220209
0220210                                 50
0220211
0220212        50                       50
0220213
0220214                                 50
0220215
0220216
0220217
0220218        50
0220219
0110000THE ERVIN BUILDING                                             C-66.000-E
0110100COMMERCIAL OFFICE                                              6561
0110200LEASED OFFICE SPACE - FOUR STORY
0110300THE ERVIN CO.
0110400FEREBEE, WALTERS ASSOCIATES
0110500MECHANICAL ENGINEERS, INC
0110600CHARLOTTE                          NORTH CAROLINA
0220301
0220302
0220303
0220304
0101101            4.980366  0.000031
0101102           -3.052088  0.005574
0101103           -0.633634  0.030078
0101104           -0.334271  0.048286
0220305
0220306
0220307
0220308
0220309       100                      100
0220310       100                      100  100
0220311       100                      100  100
0220312       100                      100  100
0220313       100                      100  100
0220314       100                      100  100
0220315       100                      100  100
0220316       100                      100  100
0220317       100
0220318       100
0220319
0220320
0220321
0220322
0220323
0220324
0229999
0239999
0259999
0300000   95   78    5
0300100   56
0300200  207 1600
0300300              1
0300400     CHARLOTTE-1964
0300500
0300600
0300900
0301000    4
0301101    0                          6840   34
0301102  180                          6460   28
0301103   90                          6080   30
0301104  270                          6460   27
0301200
0301300    1   55
0409999
0450001    1         1
0450002    2         2
0450003    3         3
0450004    4         4
0459999
0500101
0500102   75   50   75   35
0500103   75   50
0500104      4535
0500105      2305
0500106      6144
0500107    9
0500108       768
0500109    1    1   25
0500110
0500111
0500112
0500113
0500114   55    1  240  205
0500115   .5
0101009           -0.002087  0.007001
0101010           -0.001767  0.005931
0500116 6500
0110700SEVEN FLOORS WITH PENTHOUSE MECHANICAL ROOM
0110800
0110901
0110902
0110903
0110904
0110905
0110906
0110907
0110908
0110909
0110910
0111000      5184
0111100     18000
0111200      6528
                                                                                                                                                                                                                                                                                                                                                                                                                                                                                                                                                                             H  <[