    6131-037-02 WED ENTERPRISES SPACE MT. CASE 1 WJA 02-15-73
15.       4.        200.
1.        5.        15000.    .80
40700.    0.        1.        49.       5.
10647.9   0.        .8        113.      2.5
3370.     0.        1.        175.      0.7
3370.     -10.      1.        6.73      0.11
                              6.73      0.11
1.        100.      80.       4.        .1        .15       .1        .05
1.        140.      112.      4.        .1        .15       .1        .05
1.        180.      144.      4.        .1        .15       .1        .05
1.        220.      176.      4.        .1        .15       .1        .05
1.        260.      208.      4.        .1        .15       .1        .05
1.        300.      240.      4.        .1        .15       .1        .05
-1.
