100 "THE FIRST NATIONAL BANK OF URSA MINOR"
110 1972
120 2
130 1.147,1.293,2.026,.014
140 5.044,2.769,0,1.904,.525
150 .174,.014
160 4.841,6.023,.795,1.892
170 0,.193,.124
180 .1,.155,.345,.442,0
190 .085,.071,.001
200 .345,.219,0,.174,.027
210 .033,.02
220 .262,.042,.092,0,.006
230 .193,.021,.034,.036,.09
240 .053,0,0,.044,.007725
250 0,0
260 0,0
270 0,0
280 0
290 2,1.214,1.344,1.487,1.643,1.814
300 0,0
310 2,5.258,5.886,6.583,7.357,8.216
320 2,3.198,3.342,3.434,3.455,3.38
330 0,0
340 1,.16,.17,.18,.19,.2
350 2,.647,.717,.793,.876,.968
360 2,.37,.338,.306,.274,.243
370 2,.015,.017,.019,.021,.023
380 0,.1
390 0,.12
400 2,.6,.6,.6,.6,.6
410 2,2.142,2.392,2.642,2.892,3.142
420 0,0
430 2,.209,.232,.257,.284,.313
440 2,.03,.03,.03,.03,.03
450 2,.024,.026,.027,.029,.03
460 2,.228,.278,.317,.362,.413
470 2,.031,.035,.036,.037,.039
480 2,.021,.023,.024,.024,.024
490 2,.008,.012,.015,.018,.02
500 2,.113,.123,.132,.144,.154
510 .0662,.0665,.0668,.0669,.067
520 .0351,.0358,.0364,.0369,.0374
530 .06,.06,.06,.06,.06
540 .07,.072,.074,.075,.075
550 .08,.08,.08,.08,.08
560 0,0,0,0,0
570 .095,.1,.1,.1,.1
580 .065,.065,.065,.065,.065
590 .045,.045,.045,.045,.045
600 .055,.055,.055,.055,.055
610 .05,.05,.05,.05,.05
620 0,0,0,0,0
630 .06,.06,.06,.06,.06
640 0,0,0,0,0
650 .509,.509,.509,.509,.509
660 0,0,0,0,0
670 .3881,.3882,.3884,.3885,.3886
680 0,5.95,6.20,6.45,6.70,6.95
690 0,0,0,0,0
700 .1,.1,.1,.1,.1
710 0,0,0,0,0
720 0,0,0,0,0
730 0,0,0,0,0
740 0,0,0,0,0
750 0,0,0,0,0
760 0,0,0,0,0
770 .013,.015,.016,.018,.02
780 .022,.024,.024,.016,.018
790 0,0,0,0,0
800 0,0,0,0,0
810 .72,.72,.72,.72,.72
820 .11,.11,.11,.11,.11
830 .3,.3,.3,.3,.3
840 999
