140	6
14000	1
1	50
77	64
1	10
1	192
1	5
1	50
1	2
2000	1
1	1
1	26
4500	1
1000	1
66	64
1	0
20	1
1	1
3000	1
16	32
630	1
500	1
4	155
1	0
500	1
1	4
3650	1
32	26
8	160
4	160
8	7
1	0
3650	1
770	0
250	1
100	2
3800	1
1	50
5	64
1	2
2000	1
1	1
1	26
1	1
3000	1
16	32
630	1
500	1
4	155
1       0
500	1
1	4
3650	1
32	26
8	160
4       160
8	7
1	0
3650	1
770	0
250	1
1	0
20	1
1	0
40	0
1	7
8700	1
25	20
25	20
1	361
1	82
1	8
78	12
1	289
1	1
5800	1
1	289
2000	1
3900	1
20	32
1	0
40	1
1	0
600	1
3300	4
550	1
1	7
2	160
2	160
1	160
1	0
20	1
1	0
40	0
1	7
8700	1
25	20
25	20
1	361
1	82
1	8
78	12
1	289
1	1
5800	1
1	289
2000	1
3900	1
20	32
1	0
40	1
1	0
600	1
3300	4
550	1
1	7
2	160
2	160
1	160
500	2
1400	1
52	31
3	64
1	0
5100	1
1	7
8700	1
25	20
25	20
1	361
1	82
1	8
78	12
1	289
1	1
5800	1
1	289
1	0
5100	1
1	7
8700	1
25	20
25	20
1	361
1	82
1	8
78	12
1	289
1	1
5800	1
1	289
1	0
5100	1
1	7
8700	1
25	20
25	20
1	361
1	82
1	8
78	12
1	289
1	1
5800	1
1	289
1	0
5100	1
1	7
8700	1
25	20
25	20
1	361
1	82
1	8
78	12
1	289
1	1
5800	1
1       289
1	0
5100	1
1	7
8700	1
25	20
25	20
1	361
1	82
1	8
78	12
1	289
1	1
5800	1
1	289
1	0
5100	1
1	7
8700	1
25	20
25	20
1	361
1	82
1	8
78	12
1	289
1	1
5800	1
1	289
1       0
5100	1
1	7
8700	1
25	20
25	20
1	361
1	82
1	8
78	12
1	289
1	1
5800	1
1	289
1	0
5100	1
1	7
8700	1
25	20
25	20
1	361
1	82
1       8
78	12
1	289
1       1
5800	1
1	289
1	0
5100	1
1	7
8700	1
25	20
25	20
1	361
1	82
1	8
78	12
1	289
1	1
5800	1
1	289
1	0
5100	1
1	7
8700	1
25	20
25	20
1	361
1	82
1	8
78	12
1	289
1	1
5800	1
1	289
2100	0
1510	1
1	0
40	1
1	0
4975	0
1	7
8700	1
25      20
25	20
1	361
1	82
1	8
78	12
1	289
3200	1
5800    1
1	289
