05178 01000 039888 026285 000000 
05178 00040 001522 001411 000000 
05178 00040 111287 146461 000000 
05179 01000 042983 026698 000000 
05179 00040 001577 001381 000000 
05179 00040 115719 141824 000000 
05180 01000 015338 010543 000000 
05180 00040 000543 000528 000000 
05180 00040 106508 148394 000000 
05181 01000 014064 009311 000000 
05181 00040 000473 000435 000000 
05181 00040 108788 146126 000000 























05182 01000 003814 002678 000000 
05182 00040 000117 000131 000000 
05182 00040 104331 150072 000000 
05183 01000 001375 000961 000000 
05183 00040 000047 000051 000000 
05183 00040 106748 146094 000000 
05184 01000 003528 002534 000000 
05184 00040 000128 000136 000000 
05184 00040 100200 149937 000000 
05185 01000 002969 002122 000000 
05185 00040 000108 000103 000000 
05185 00040 101918 148957 000000 
05186 01000 003267 002113 000000 
05186 00040 000136 000128 000000 
05186 00040 111320 142461 000000 
05187 01000 003071 001988 000000 
05187 00040 000116 000095 000000 
05187 00040 109766 145440 000000 
05188 01000 033444 019212 000000 
05188 00040 001319 001112 000000 
05188 00040 121002 134853 000000 
05189 01000 035390 022674 000000 
05189 00040 001303 001163 000000 
05189 00040 114095 143612 000000 























05190 01000 013027 008524 000000 
05190 00040 000500 000466 000000 
05190 00040 111159 144922 000000 
05191 01000 014579 009290 000000 
05191 00040 000545 000509 000000 
05191 00040 113329 141823 000000 
05192 01000 003043 002168 000000 
05192 00040 000113 000115 000000 
05192 00040 100948 148831 000000 
05193 01000 001061 000748 000000 
05193 00040 000040 000047 000000 
05193 00040 104485 148690 000000 
05194 01000 002227 001617 000000 
05194 00040 000061 000074 000000 
05194 00040 097826 151239 000000 
05195 01000 002545 001888 000000 
05195 00040 000096 000097 000000 
05195 00040 096341 152595 000000 
05196 01000 002553 001846 000000 
05196 00040 000076 000082 000000 
05196 00040 102224 151219 000000 
05197 01000 002088 001482 000000 
05197 00040 000056 000050 000000 
05197 00040 100581 152455 000000 























05198 01000 059473 034917 000000 
05198 00040 002330 001924 000000 
05198 00040 121020 138124 000000 
05199 01000 068819 043051 000000 
05199 00040 002527 002186 000000 
05199 00040 117065 143787 000000 
05200 01000 022821 016002 000000 
05200 00040 000730 000742 000000 
05200 00040 105570 151072 000000 
05201 01000 021877 015241 000000 
05201 00040 000777 000747 000000 
05201 00040 106157 148523 000000 
05202 01000 006889 004938 000000 
05202 00040 000207 000223 000000 
05202 00040 099952 150817 000000 
05203 01000 001776 001285 000000 
05203 00040 000059 000063 000000 
05203 00040 102127 151502 000000 
05204 01000 005727 004261 000000 
05204 00040 000178 000196 000000 
05204 00040 097478 154002 000000 
05205 01000 005261 003861 000000 
05205 00040 000170 000185 000000 
05205 00040 097848 151221 000000 























05206 01000 005123 003470 000000 
05206 00040 000186 000170 000000 
05206 00040 108005 146851 000000 
05207 01000 004801 003145 000000 
05207 00040 000188 000188 000000 
05207 00040 110662 144353 000000 
05208 01000 016400 012236 000000 
05208 00040 000535 000563 000000 
05208 00040 098183 153817 000000 
05209 01000 000303 000210 000000 
05209 00040 000012 000020 000000 
05209 00040 090102 155243 000000 
05210 01000 000344 000226 000000 
05210 00040 000011 000015 000000 
05210 00040 122312 125745 000000 
05211 01000 000240 000176 000000 
05211 00040 000005 000010 000000 
05211 00040 090639 153870 000000 
05212 01000 017541 014918 000000 
05212 00040 000411 000664 000000 
05212 00040 079934 173419 000000 
05213 01000 051476 031688 000000 
05213 00040 001884 001626 000000 
05213 00040 116917 139706 000000 























05214 01000 054423 034064 000000 
05214 00040 002060 001791 000000 
05214 00040 115952 141026 000000 
05215 01000 026202 014394 000000 
05215 00040 001011 000836 000000 
05215 00040 124063 131710 000000 
05216 01000 019901 011719 000000 
05216 00040 000796 000653 000000 
05216 00040 118208 135695 000000 
05217 01000 006120 004534 000000 
05217 00040 000199 000220 000000 
05217 00040 096597 153781 000000 
05218 01000 001650 001118 000000 
05218 00040 000057 000063 000000 
05218 00040 105610 147786 000000 
05219 01000 007014 005331 000000 
05219 00040 000227 000275 000000 
05219 00040 093742 153351 000000 
05220 01000 006058 004655 000000 
05220 00040 000203 000224 000000 
05220 00040 092980 153701 000000 
05221 01000 003998 002944 000000 
05221 00040 000138 000150 000000 
05221 00040 100172 152390 000000 























05222 01000 004388 003146 000000 
05222 00040 000141 000150 000000 
05222 00040 102980 150175 000000 




















05140 01000 000186 000108 000000 
05140 00040 000007 000007 000000 
05140 00040 043524 176659 000000 




















010040 






















05177 01000 002604 001881 000000 
05177 00040 000079 000100 000000 
05177 00040 103619 149979 000000 
05178 01000 040199 026908 000000 
05178 00040 001526 001427 000000 
05178 00040 109549 145910 000000 
05179 01000 042871 027078 000000 
05179 00040 001509 001344 000000 
05179 00040 114553 141927 000000 
05180 01000 015396 010702 000000 
05180 00040 000542 000514 000000 
05180 00040 106373 148990 000000 
05181 01000 013995 009411 000000 
05181 00040 000492 000455 000000 
05181 00040 107969 145836 000000 
05182 01000 003869 002700 000000 
05182 00040 000115 000122 000000 
05182 00040 102505 148624 000000 
05183 01000 001398 000966 000000 
05183 00040 000049 000057 000000 
05183 00040 106335 145904 000000 
05184 01000 003469 002473 000000 
05184 00040 000122 000135 000000 
05184 00040 099356 149794 000000 























05185 01000 003004 002135 000000 
05185 00040 000094 000092 000000 
05185 00040 100241 147462 000000 
05186 01000 003491 002249 000000 
05186 00040 000108 000105 000000 
05186 00040 109667 141942 000000 
05187 01000 002980 002010 000000 
05187 00040 000110 000104 000000 
05187 00040 108772 145359 000000 
05188 01000 033413 019587 000000 
05188 00040 001318 001072 000000 
05188 00040 119429 134734 000000 
05189 01000 035777 023066 000000 
05189 00040 001300 001192 000000 
05189 00040 112225 143276 000000 
05190 01000 012807 008405 000000 
05190 00040 000498 000466 000000 
05190 00040 109514 144849 000000 
05191 01000 014467 009238 000000 
05191 00040 000541 000476 000000 
05191 00040 111613 141625 000000 
05192 01000 003118 002261 000000 
05192 00040 000112 000118 000000 
05192 00040 100255 148728 000000 























05193 01000 001054 000742 000000 
05193 00040 000035 000037 000000 
05193 00040 102871 148340 000000 
05194 01000 002181 001601 000000 
05194 00040 000071 000074 000000 
05194 00040 097393 151735 000000 
05195 01000 002535 001895 000000 
05195 00040 000084 000098 000000 
05195 00040 095174 151945 000000 
05196 01000 002470 001773 000000 
05196 00040 000077 000087 000000 
05196 00040 100651 150888 000000 
05197 01000 002229 001659 000000 
05197 00040 000078 000088 000000 
05197 00040 099663 152222 000000 
05198 01000 059903 036092 000000 
05198 00040 002277 001933 000000 
05198 00040 118883 137772 000000 
05199 01000 068512 043555 000000 
05199 00040 002605 002269 000000 
05199 00040 116153 144015 000000 
05200 01000 022363 015684 000000 
05200 00040 000812 000808 000000 
05200 00040 105026 150985 000000 























05201 01000 021996 015190 000000 
05201 00040 000749 000725 000000 
05201 00040 106202 149262 000000 
05202 01000 006877 005006 000000 
05202 00040 000211 000224 000000 
05202 00040 099845 151283 000000 
05203 01000 001751 001275 000000 
05203 00040 000052 000057 000000 
05203 00040 101171 149666 000000 
05204 01000 005595 004108 000000 
05204 00040 000202 000208 000000 
05204 00040 096641 152840 000000 
05205 01000 005398 003914 000000 
05205 00040 000193 000218 000000 
05205 00040 097376 151149 000000 
05206 01000 005114 003494 000000 
05206 00040 000187 000175 000000 
05206 00040 107781 147057 000000 
05207 01000 004870 003252 000000 
05207 00040 000167 000157 000000 
05207 00040 110346 144664 000000 
05208 01000 016535 012275 000000 
05208 00040 000535 000573 000000 
05208 00040 097445 152875 000000 























05209 01000 000295 000219 000000 
05209 00040 000004 000010 000000 
05209 00040 089979 155209 000000 
05210 01000 000326 000209 000000 
05210 00040 000013 000016 000000 
05210 00040 122571 124789 000000 
05211 01000 000242 000174 000000 
05211 00040 000004 000010 000000 
05211 00040 090432 154386 000000 
05212 01000 017455 014831 000000 
05212 00040 000387 000652 000000 
05212 00040 079737 172576 000000 
05213 01000 051792 032128 000000 
05213 00040 001984 001732 000000 
05213 00040 115571 139485 000000 
05214 01000 053764 033581 000000 
05214 00040 002019 001751 000000 
05214 00040 115530 141459 000000 
05215 01000 026405 014634 000000 
05215 00040 000991 000779 000000 
05215 00040 122527 131855 000000 
05216 01000 019755 011612 000000 
05216 00040 000774 000627 000000 
05216 00040 118163 136334 000000 























05217 01000 006144 004591 000000 
05217 00040 000209 000230 000000 
05217 00040 095735 152872 000000 
05218 01000 001639 001121 000000 
05218 00040 000046 000047 000000 
05218 00040 104179 147013 000000 
05219 01000 006965 005199 000000 
05219 00040 000219 000271 000000 
05219 00040 093126 152894 000000 
05220 01000 005842 004523 000000 
05220 00040 000215 000247 000000 
05220 00040 092100 152638 000000 
05221 01000 003934 002887 000000 
05221 00040 000128 000134 000000 
05221 00040 099082 152502 000000 
05222 01000 004377 003105 000000 
05222 00040 000166 000164 000000 
05222 00040 102430 149972 000000 






















05140 01000 000175 000120
