     2  2309939001     3
     3  2309939002     4
     4  2309939003     5
     5  2309939004     0
     6       10001     0
     7       10002     0
     8       10003     0
     9       10004     0
    10       10005     0
    11       10006     0
    12  2314227007     0
    13  2315187001    14
    14  2315187002    15
    15  2315379007     0
    16  2311155006     0
    17  2311155035     0
    18  2311187011     0
    19  2311283005     0
    20  2311283013     0
    21  2311635005     0
    22  2311635006     0
    23  2314995203     0
    24  2313203217     0
    25  2313395003     0
    26  2313427208     0
    27  2315603203     0
    28  2315635211     0
    29  2314931210    30
    30  2315667206     0
    31  2315603205     0
    32  2313811004     0
    33  2313811207     0
    34  2313811208     0
    35  2313843006     0
    36  2315603204     0
    37  2313875003     0
    38  2313875004     0
    39  2313875005     0
    40  2313875208     0
    41  2314035209     0
    42  2314067005     0
    43  2314931208     0
    44  2314963201     0
    45  2314227005     0
    46  2314259208     0
    47  2314259005     0
    48  2314291002     0
    49  2314323212    50
    50  2314931211    51
    51  2315667208     0
    52  2315219201     0
    53  2314323002     0
    54  2314323001     0
    55  2315219206     0
    56  2315411203     0
    57  2314547011     0
    58  2314547010     0
    59  2314547009     0
    60  2314643017     0
    61  2314547008     0
    62  2314643218    63
    63  2314643224     0
    64  2314643219    65
    65  2314643220    66
    66  2314643223     0
    67  2315635208     0
    68  2314739015     0
    69  2315347207     0
    70  2315347206     0
    71  2315411209     0
    72  2314931006     0
    73  2314995002     0
    74  2314995099     0
    75  2315091203     0
    76  2314995004     0
    77  2315091202     0
    78  2315123205     0
    79  2315187003     0
    80  2315187004     0
    81  2315315203     0
    82  2315411205     0
    83  2315411206     0
    84  2315411207     0
    85  2315411210     0
    86  2315603206     0
    87  2315635004     0
    88  2315667002     0
    89  2315667003     0
    90  2315667004     0
    91  2311795007     0
    92  2308915008     0
    93  2309939005    94
    94  2309939006    95
    95  2309939007     0
    96  2314739016     0
    97  2314195006     0
    98  2314259006     0
    99  2313203017   100
   100  2313203825     0
   101  2313427008   102
   102  2313427810     0
   103  2313811006     0
   104  2313811815   105
   105  2313811816     0
   106  2313875008   107
   107  2313875812     0
   108  2314035005   109
   109  2314035812     0
   110  2314227012   111
   111  2314899810     0
   112  2314259007   113
   113  2314259820     0
   114  2314323012   115
   115  2314323821     0
   116  2314643018   117
   117  2314643819     0
   118  2314643019   119
   119  2314643820     0
   120  2314643020   121
   121  2314643821     0
   122  2314643023   123
   123  2314643824     0
   124  2314643024   125
   125  2314643825     0
   126  2314899011   127
   127  2314899814     0
   128  2314931007   129
   129  2314931810     0
   130  2314931009   131
   131  2314931811   132
   132  2314931812     0
   133  2314963005   134
   134  2314963814     0
   135  2314995003   136
   136  2314995810     0
   137  2315091007   138
   138  2315091814   139
   139  2315091815     0
   140  2315123005   141
   141  2315411818     0
   142  2315123006   143
   143  2315411819     0
   144  2315123008     0
   145  2315123815     0
   146  2315219005     0
   147  2315219817     0
   148  2315219009   149
   149  2315315814     0
   150  2315219008   151
   151  2315219822     0
   152  2315347005   153
   153  2315347808   154
   154  2315347809     0
   155  2315411012   156
   156  2315411822   157
   157  2315411823   158
   158  2315411824     0
   159  2315411010   160
   160  2315411827     0
   161  2315571006   162
   162  2315571826   163
   163  2315571827     0
   164  2315603009     0
   165  2315603815   166
   166  2315603816   167
   167  2315603817     0
   168  2315603010     0
   169  2315603818     0
   170  2315667005   171
   171  2315667825     0
   172  2315667007   173
   173  2315667826     0
   174  2315667014     0
   175  2315667015     0
   176  2315187005     0
   177  2314739010     0
   178  2312499003     0
   179  2314547002     0
   180  2310835001   181
   181  2313779005     0
   182  2310835004     0
   183  2313875007     0
   184  2315315006   185
   185  2315411003     0
   186  2313843008     0
   187  2311155014   188
   188  2314867005     0
   189  2311155010     0
   190  2311155016   191
   191  2311763008   192
   192  2314067002     0
   193  2311379005     0
   194  2311379006     0
   195  2311507003     0
   196  2311603005     0
   197  2311603017   198
   198  2311603021   199
   199  2312179014   200
   200  2313875006   201
   201  2314739009     0
   202  2311603022     0
   203  2311603023     0
   204  2314547001     0
   205  2311827012     0
   206  2312051003   207
   207  2315667001     0
   208  2314643010   209
   209  2314707005     0
   210  2315187006     0
   211  2311827005   212
   212  2311827014     0
   213  2313651016     0
   214  2313171013     0
   215  2314739008   216
   216  2314739011     0
   217  2313395016   218
   218  2314643014     0
   219  2313395017     0
   220  2314419001     0
   221  2314739007     0
   222  2314195005   223
   223  2314771010   224
   224  2314867006     0
   225  2314643013     0
   226  2314643015     0
   227  2314547003     0
   228  2314547005   229
   229  2314675001     0
   230  2314547004   231
   231  2314643011     0
   232  2314643012     0
   233  2314899213   234
   234  2314899211     0
   235  2314899012     0
   236  2314963001   237
   237  2314963002     0
   238  2314963003     0
   239  2315187007     0
   240  2315315005     0
   241  2315411002     0
   242  2314643016     0
   243  2307923028     0
   244  2307923078     0
   245  2307923113     0
   246  2307923149     0
   247  2307923147     0
   248  2312723015     0
   249  2307923027     0
   250  2307923112     0
   251  2313811005     0
   252  2336083001   253
   253  2336083002   254
   254  2336083003   255
   255  2336083004     0
   256  2336083009   257
   257  2336083815     0
   258  2336083210     0
   259  2336083011   260
   260  2336083816     0
   261  2336083012     0
   262  2336083013   263
   263  2336083817     0
   264  2336083214     0
   265  2336083015   266
   266  2336083818   268
   267  2336083216     0
   268  2336083819     0
   269  2336083217     0
   270  2336083080     0
   271  2336083081     0
   272  2336083082     0
   273  2336083007     0
   274  2336083008     0
   275  2336083005     0
   276  2336083006     0
