 0 O2O 11    1   13 2103
 0 OCF 11    1   13 2103
 0 X 7S11  100    2 3376
 0 X 7S31  100    1 3376
 0 X2PE31  100    1 3376
 0 X2PL31  100    1 3376
 0 X2PR31  100    1 3376
 0 XB[A31  100    1 3376
 0 XJGR31  100    1 3376
 0 ZAXV31  100    1 3376
 0 ZB1831  100    1 3376
 0 ZDI231  100    1 3376
 0 ]2QM31  100    1 3376
 00 05D11  100    1 3376
 00 05D31  100    1 3376
 00 05E11  100    1 3376
 00 05E21  100    1 3376
 00 05E31  100    1 3376
 00 05G11  100    1 3376
 00 05G31  100    1 3376
 00 05J11  100    1 3376
 00 05J31  100    1 3376
 00 05P11  100    1 3376
 00 05P31  100    1 3376
 00 HDR31  100    1 3376
 00 HQ311  100    1 3376
 00 HQ321  100    1 3376
 00 HQ331  100    1 3376
 001 I031  100    1 3376
 001 \H11  100    1 3376
 001 \H31  100    1 3376
 001 ]J11  100    6 3376
 001 ]J31  100    6 3376
 0010 U31  100    1 3376
 00100 31  100    1 3376
 00100111  100    1 3376
 00100121  100    1 3376
 00100131  100    1 3376
 00100140    2    2 3376
 00100211  100    1 3376
 00100221  100    1 3376
 00100231  100    1 3376
 00100331  100    1 3376
 00100411  100    1 3376
 00100421  100    1 3376
 00100431  100    1 3376
 00100B11  100    1 3376
 00100B21  100    1 3376
 00100B31  100    1 3376
 00100G11  100    1 3376
 00100G21  100    1 3376
 00100G31  100    1 3376
 00100I31  100    1 3376
 00100S11  100    1 3376
 00100S31  100    1 3376
 00100T11  100    1 3376
 00101111  100    1 3376
 00101121  100    1 3376
 00101131  100    1 3376
 00101A31  100    1 3376
 00101O31  100    1 3376
 00106G11  100    1 3376
 00106G21  100    1 3376
 00106G31  100    1 3376
 00108V21  100    1 3376
 00108V31  100    1 3376
 00109H31  100    1 3376
 00112211  100    1 3376
 00112221  100    1 3376
 00112231  100    1 3376
 00112311  100    1 3376
 00112321  100    1 3376
 00112331  100    1 3376
 0014SB31  100    1 3376
 0014SC11  100    1 3376
 0014SC31  100    1 3376
 0014SD31  100    1 3376
 0014SE31  100    1 3376
 0014SF31  100    1 3376
 0014SG31  100    1 3376
 0014TB11  100    1 3376
 0014TB31  100    1 3376
 0014TX31  100    1 3376
 0014UI11  100    1 3376
 0014UI21  100    1 3376
 0014UI31  100    1 3376
 0014UJ31  100    1 3376
 0014UW11  100    1 3376
 0014UW21  100    1 3376
 0014UW31  100    1 3376
 0014YX11  100    1 3376
 0014YX31  100    1 3376
 001A0A11  100    1 3376
 001A0A21  100    1 3376
 001A0A31  100    1 3376
 001APS11  100    1 3376
 001APS21  100    1 3376
 001APS31  100    1 3376
 001ARP31  100    1 3376
 001ASO11  100    6 3376
 001ASO31  100    6 3376
 001AX 31  100    1 3376
 001BBQ31  100    1 3376
 001CE\31  100    1 3376
 001DF931  100    1 3376
 001DHX11  100    1 3376
 001DHX21  100    1 3376
 001DHX31  100    1 3376
 001G6L11  100    1 3376
 001G6L21  100    1 3376
 001G6L31  100    1 3376
 001G8D31  100    1 3376
 001GDW31  100    1 3376
 001GNM31  100    1 3376
 001GNQ11  100    1 3376
 001GWQ31  100    1 3376
 001HKN31  100    1 3376
 001HKO31  100    1 3376
 001HKP31  100    1 3376
 001HKR31  100    1 3376
 001IOS21  100    1 3376
 001IOS31  100    1 3376
 001IW521  100    1 3376
 001JFJ31  100    1 3376
 001JQX31  100    1 3376
 001JQZ31  100    1 3376
 001JQ\31  100    1 3376
 001JQ]31  100    1 3376
 001JR 11  100    1 3376
 001JR 21  100    1 3376
 001JR 31  100    1 3376
 001JR[11  100    1 3376
 002 CU21  100    1 3376
 002 CX31  100    1 3376
 002 CY21  100    1 3376
 002 CY31  100    1 3376
 00207Q31  100    1 3376
 00208431  100    1 3376
 0029N931  100    1 3376
 002H8I31  100    1 3376
 002IZ831  100    1 3376
 002JEA11  100    1 3376
 002JEA31  100    1 3376
 003 FG11  100    1 3376
 003 FG31  100    1 3376
 00301X11  100    1 3376
 00301X31  100    1 3376
 00301\31  100    1 3376
 00301]11  100    1 3376
 00301]21  100    1 3376
 00301]31  100    1 3376
 0034S 11  100    1 3376
 0034S 21  100    1 3376
 0034S 31  100    1 3376
 003A7J11  100    1 3376
 003A7J21  100    1 3376
 003A7J31  100    1 3376
 003BZW31  100    1 3376
 003CKW11  100    1 3376
 003CKW21  100    1 3376
 003CKW31  100    1 3376
 003GQP11  100    1 3376
 003GQP21  100    1 3376
 003GQP31  100    1 3376
 003IP331  100    1 3376
 003ITM11  100    1 3376
 003ITM31  100    1 3376
 00402711  100    1 3376
 00402721  100    1 3376
 00402731  100    1 3376
 00402811  100    1 3376
 00402831  100    1 3376
 00403E11  100    1 3376
 00403E21  100    1 3376
 00403E31  100    1 3376
 004A1M31  100    1 3376
 004A1Z21  100    1 3376
 004A1Z31  100    1 3376
 004A2311  100    1 3376
 004A2321  100    1 3376
 004A2331  100    1 3376
 004A2411  100    1 3376
 004A2431  100    1 3376
 004A2721  100    1 3376
 004A2Q11  100    1 3376
 004A2Q21  100    1 3376
 004A2Q31  100    1 3376
 004A2[31  100    1 3376
 004BY311    2    1 1423
 004C5U11  100    1 3376
 004C5U21  100    1 3376
 004C5U31  100    1 3376
 004C6211  100    1 3376
 004C6231  100    1 3376
 004CIK11  100    1 3376
 004CIK31  100    1 3376
 004COM11  100    1 3376
 004DFI11  100    1 3376
 004DFI21  100    1 3376
 004DFI31  100    1 3376
 004G0Y11  100    1 3376
 004G0Y31  100    1 3376
 004G3011  100    1 3376
 004HI911  100    1 3376
 004HI921  100    1 3376
 004HI931  100    1 3376
 004I6[31  100    1 3376
 004IYC11  100    1 3376
 004IYC21  100    1 3376
 004IYC31  100    1 3376
 004JNT11  100    1 3376
 004JNT21  100    1 3376
 004JNT31  100    1 3376
 00603D11  100    1 3376
 00603D31  100    1 3376
 00603F11  100    1 3376
 00603F21  100    1 3376
 00603F31  100    1 3376
 00603J31  100    1 3376
 00603K11  100    1 3376
 00603K31  100    1 3376
 00603L11  100    1 3376
 00603L31  100    1 3376
 00603O11  100    1 3376
 00603O21  100    1 3376
 00603O31  100    1 3376
 00603U11  100    1 3376
 00603U21  100    1 3376
 00603U31  100    1 3376
 00603X11  100    1 3376
 00603X21  100    1 3376
 00603X31  100    1 3376
 00603Y11  100    1 3376
 00603Y31  100    1 3376
 00603\11  100    1 3376
 00603\31  100    1 3376
 00603]11  100    1 3376
 00603]21  100    1 3376
 00603]31  100    1 3376
 00604D11  100    1 3376
 00604D31  100    1 3376
 00604G11  100    1 3376
 00604G31  100    1 3376
 00606E11  100    1 3376
 00606E31  100    1 3376
 0062MR11  100    1 3376
 0062MR31  100    1 3376
 0064UG11  100    1 3376
 0064UG31  100    1 3376
 00662\11  100    1 3376
 00662\21  100    1 3376
 00662\31  100    1 3376
 00662]11  100    1 3376
 00662]21  100    1 3376
 00662]31  100    1 3376
 0069NH11  100    1 3376
 0069NH21  100    1 3376
 0069NH31  100    1 3376
 006A8Y11    1    1 1423
 006AWM11  100    1 3376
 006AWM21  100    1 3376
 006AWM31  100    1 3376
 006BP811  100    1 3376
 006BP831  100    1 3376
 006B\E11  100    1 3376
 006B\E31  100    1 3376
 006B\E11  100    1 3376
 006C8U11  100    1 3376
 006C8U31  100    1 3376
 006CE811  100    1 3376
 006CE831  100    1 3376
 006CGC11  100    1 3376
 006CGC31  100    1 3376
 006DDT11  100    1 3376
 006DDT21  100    1 3376
 006DDT31  100    1 3376
 006FD311  100    1 3376
 006FD331  100    1 3376
 006FD411  100    1 3376
 006FD431  100    1 3376
 006G6M11  100    1 3376
 006G6M21  100    1 3376
 006G6M31  100    1 3376
 006G9I21  100    1 3376
 006G9I31  100    1 3376
 006G9J31  100    1 3376
 006HF111  100    1 3376
 006HF121  100    1 3376
 006HF131  100    1 3376
 006HI611  100    1 3376
 006I A11  100    1 3376
 006I A21  100    1 3376
 006I A31  100    1 3376
 006ISJ31  100    1 3376
 006J [31  100    1 3376
 006J0311  100    1 3376
 006J0321  100    1 3376
 006J0331  100    1 3376
 006J3K11  100    1 3376
 006J3K21  100    1 3376
 006J3K31  100    1 3376
 006J5[11  100    1 3376
 006J5[21  100    1 3376
 006J5[31  100    1 3376
 006J8V11  100    1 3376
 006J8V31  100    1 3376
 006JAO31  100    1 3376
 006JCQ21  100    1 3376
 006JCQ31  100    1 3376
 006JQ531  100    1 3376
 006J\M31  100    1 3376
 007 [H11  100    1 3376
 007 [H21  100    1 3376
 007 [H31  100    1 3376
 00702211  100    1 3376
 00702231  100    1 3376
 00702A11  100    1 3376
 00702A31  100    1 3376
 00702H11  100    1 3376
 00702H21  100    1 3376
 00702H31  100    1 3376
 00702I11  100    1 3376
 00702I21  100    1 3376
 00702I31  100    1 3376
 00702N11  100    1 3376
 00702N31  100    1 3376
 00702\11  100    6 3376
 00702\21  100    1 3376
 00702\31  100    6 3376
 00704E11  100    1 3376
 00704E31  100    1 3376
 00706R11  100    1 3376
 00706R31  100    1 3376
 00706S11  100    1 3376
 00706S31  100    1 3376
 00706T11  100    1 3376
 00706T21  100    1 3376
 00706T31  100    1 3376
 00707011  100    1 3376
 00707031  100    1 3376
 00707911  100    1 3376
 00707931  100    1 3376
 00708A11  100    6 3376
 00708A21  100    1 3376
 00708A31  100    6 3376
 00708X11  100    1 3376
 00708X21  100    1 3376
 00708X31  100    1 3376
 00708[11  100    1 3376
 00708[21  100    1 3376
 00708[31  100    1 3376
 0071U311  100    6 3376
 0071U331  100    6 3376
 0072O431  100    1 3376
 0074OM11  100    1 3376
 0074OM21  100    1 3376
 0074OM31  100    1 3376
 0074SX11  100    1 3376
 0074SX31  100    1 3376
 0074TD11  100    1 3376
 0074TD31  100    1 3376
 007ANO11  100    6 3376
 007ANO31  100    6 3376
 007ATD11  100    1 3376
 007ATD21  100    1 3376
 007ATD31  100    1 3376
 007BLR11  100    6 3376
 007BLR31  100    6 3376
 007C9031  100    1 3376
 007CG]11  100    6 3376
 007CG]21  100    1 3376
 007CG]31  100    6 3376
 007C\411  100    1 3376
 007C\431  100    1 3376
 007D7F11  100    6 3376
 007D7F31  100    6 3376
 007D8W11  100    1 3376
 007D8W31  100    1 3376
 007D8X11  100    1 3376
 007D8X31  100    1 3376
 007FAO31  100    1 3376
 007GE411  100    1 3376
 007GE421  100    1 3376
 007GE431  100    1 3376
 007GL811  100    1 3376
 007GL831  100    1 3376
 007GO311  100    1 3376
 007GO331  100    1 3376
 007GXU21  100    1 3376
 007HEN11  100    1 3376
 007HEN21  100    1 3376
 007HEN31  100    1 3376
 007HFO31  100    1 3376
 007HFZ11  100    1 3376
 007HFZ21  100    1 3376
 007HFZ31  100    1 3376
 007I5I31  100    1 3376
 007INB21  100    1 3376
 007INB31  100    1 3376
 007INZ11  100    1 3376
 007INZ31  100    1 3376
 007IQN21  100    1 3376
 007IQN31  100    1 3376
 007IRT21  100    1 3376
 007IU231  100    1 3376
 007IYM11  100    1 3376
 007IYM31  100    1 3376
 007J8R11  100    1 3376
 007J8R21  100    1 3376
 007J8R31  100    1 3376
 007J8T31  100    1 3376
 007J9131  100    1 3376
 007JAC31  100    1 3376
 007JEW11  100    1 3376
 007JEW21  100    1 3376
 007JEW31  100    1 3376
 007JEX11  100    1 3376
 007JEX21  100    1 3376
 007JEX31  100    1 3376
 007JR\11  100    1 3376
 007JR\21  100    1 3376
 007JR\31  100    1 3376
 007JUN11  100    1 3376
 007JUN21  100    1 3376
 007JUN31  100    1 3376
 007JW331  100    1 3376
 007JW411  100    1 3376
 007JZ011  100    1 3376
 007JZ031  100    1 3376
 00800611  100    1 3376
 00800631  100    1 3376
 00800711  100    1 3376
 00800731  100    1 3376
 00909 11  100    1 3376
 00909 21  100    1 3376
 00909 31  100    1 3376
 00A L]11  100    1 3376
 00A L]31  100    1 3376
 00A TR11  100    1 3376
 00A TR31  100    1 3376
 00A Z811  100    1 3376
 00A Z831  100    1 3376
 00A \711  100    1 3376
 00A \731  100    1 3376
 00A05S11  100    1 3376
 00A05S31  100    1 3376
 00A08]11  100    1 3376
 00A08]31  100    1 3376
 00A09931  100    1 3376
 00A10A11  100    1 3376
 00A10A31  100    1 3376
 00A10R31  100    1 3376
 00A10U31  100    1 3376
 00A1V\11  100    1 3376
 00A1V\21  100    1 3376
 00A1V\31  100    1 3376
 00A6ND11  100    1 3376
 00A6ND21  100    1 3376
 00A6ND31  100    1 3376
 00AA0 11  100    1 3376
 00AA0 31  100    1 3376
 00AA0911  100    1 3376
 00AA0931  100    1 3376
 00AAC831  100    1 3376
 00AAFE11  100    1 3376
 00AAFE31  100    1 3376
 00AAJL11  100    1 3376
 00AAJL31  100    1 3376
 00AAJN11  100    1 3376
 00AAJN31  100    1 3376
 00ABFO11  100    1 3376
 00ABFO21  100    1 3376
 00ABFO31  100    1 3376
 00ABGN11  100    1 3376
 00ABGN21  100    1 3376
 00ABGN31  100    1 3376
 00ABGO11  100    1 3376
 00ABGO31  100    1 3376
 00ABWX11  100    1 3376
 00ABWX21  100    1 3376
 00ABWX31  100    1 3376
 00AC0331  100    1 3376
 00AC1C11  100    1 3376
 00AC1C21  100    1 3376
 00AC1C31  100    1 3376
 00ACHQ21  100    1 3376
 00ACJQ11  100    1 3376
 00ACJQ31  100    1 3376
 00ACMP11  100    1 3376
 00ACMP31  100    1 3376
 00AD 011  100    1 3376
 00AD 021  100    1 3376
 00AD 031  100    1 3376
 00ADDF31  100    1 3376
 00ADES11  100    1 3376
 00ADI031  100    1 3376
 00AFA]11  100    1 3376
 00AFBV11  100    1 3376
 00AFBV21  100    1 3376
 00AFBV31  100    1 3376
 00AF\D11  100    1 3376
 00AF\D21  100    1 3376
 00AF\D31  100    1 3376
 00AG N11  100    1 3376
 00AGCH11  100    1 3376
 00AGCH21  100    1 3376
 00AGCH31  100    1 3376
 00AGI[31  100    1 3376
 00AGJ031  100    1 3376
 00AGJ531  100    1 3376
 00AGJ731  100    1 3376
 00AGMT11  100    1 3376
 00AGMT21  100    1 3376
 00AGMT31  100    1 3376
 00AGP311  100    1 3376
 00AGP321  100    1 3376
 00AGP331  100    1 3376
 00AGQL11  100    1 3376
 00AGQL31  100    1 3376
 00AHDN21  100    1 3376
 00AHJD31  100    1 3376
 00AHQB31  100    1 3376
 00AI8T11  100    1 3376
 00AI8T31  100    1 3376
 00AI8V11  100    1 3376
 00AI8V21  100    1 3376
 00AI8V31  100    1 3376
 00AIAK11  100    1 3376
 00AIAK21  100    1 3376
 00AIAK31  100    1 3376
 00AIUD21  100    1 3376
 00AIUD31  100    1 3376
 00AIUJ21  100    1 3376
 00AIUJ31  100    1 3376
 00AIUK21  100    1 3376
 00AIUL11  100    1 3376
 00AIUL21  100    1 3376
 00AIUP31  100    1 3376
 00AIWK11  100    1 3376
 00AIWK21  100    1 3376
 00AIWK31  100    1 3376
 00AIXY11  100    1 3376
 00AIXY21  100    1 3376
 00AIXY31  100    1 3376
 00AIYB11  100    1 3376
 00AIYB21  100    1 3376
 00AIYB31  100    1 3376
 00AIZ911  100    1 3376
 00AIZ931  100    1 3376
 00AJ3P31  100    1 3376
 00AJ3]31  100    1 3376
 00AJFM31  100    1 3376
 00AJJ131  100    1 3376
 00AJRU11  100    1 3376
 00AJRU21  100    1 3376
 00AJRU31  100    1 3376
 00AJZG11  100    1 3376
 00AJZG21  100    1 3376
 00AJZG31  100    1 3376
 00AK0531  100    1 3376
 00B 6611  100    1 3376
 00B 6631  100    1 3376
 00B LQ11  100    1 3376
 00B LQ31  100    1 3376
 00B WX11  100    1 3376
 00B WX31  100    1 3376
 00B06211  100    1 3376
 00B06231  100    1 3376
 00B06A11  100    1 3376
 00B06A31  100    1 3376
 00B06C11  100    1 3376
 00B06C21  100    1 3376
 00B06C31  100    1 3376
 00B08F11  100    1 3376
 00B08F31  100    1 3376
 00B11L31  100    1 3376
 00B1RX11  100    1 3376
 00B1RX21  100    1 3376
 00B1RX31  100    1 3376
 00BIWO31  100    1 3376
 00BIWP31  100    1 3376
 00P0B511  100    1 3376
 00R0BP31  100    1 3376
 00R0BX31  100    1 3376
 00R0C631  100    1 3376
 00R0C931  100    1 3376
 00R0CC31  100    1 3376
 00R0\]31  100    1 3376
 00R1RD31  100    1 3376
 00R1T711  100    1 3376
 00R1T731  100    1 3376
 00R4Q]31  100    1 3376
 00R4R031  100    1 3376
 00R4R131  100    1 3376
 00R63G31  100    1 3376
 00R9H131  100    1 3376
 00RA0831  100    1 3376
 00RAFA31  100    1 3376
 00RAQA11  100    1 3376
 00RAU631  100    1 3376
 00RAW531  100    1 3376
 00RA\211  100    1 3376
 00RB0K31  100    1 3376
 00RB1B31  100    1 3376
 00RB6[31  100    1 3376
 00RB6\31  100    1 3376
 00RB6]11  100    1 3376
 00RB6]21  100    1 3376
 00RB6]31  100    1 3376
 00RB7031  100    1 3376
 00RB7521  100    1 3376
 00RB7621  100    1 3376
 00RB7K31  100    1 3376
 00RB7L31  100    1 3376
 00RB7W31  100    1 3376
 00RB7X31  100    1 3376
 00RB7[31  100    1 3376
 00RB7\31  100    1 3376
 00RB8131  100    1 3376
 00RB8231  100    1 3376
 00RB8831  100    1 3376
 00RCCM31  100    1 3376
 00RCF931  100    1 3376
 00RCHB31  100    1 3376
 00RCOP11  100   34 3376
 00RDAA31  100    1 3376
 00RDB931  100    1 3376
 00RG8]31  100    1 3376
 00RG9031  100    1 3376
 00RGOK31  100    1 3376
 00RH8J21  100    1 3376
 00RH8K21  100    1 3376
 00RI 831  100    1 3376
 00RI3T31  100    1 3376
 00RI6]31  100    1 3376
 00RI8O31  100    1 3376
 00RI8Q31  100    1 3376
 00RICB11  100    1 3376
 00RICB31  100    1 3376
 00RIU031  100    1 3376
 00RIWB31  100    1 3376
 00RJ0531  100    1 3376
 00RJ0G31  100    1 3376
 00RJ0I11  100    1 3376
 00RJ0I21  100    1 3376
 00RJ0I31  100    1 3376
 00RJ0K31  100    1 3376
 00RJBN11  100    1 3376
 00RJBN21  100    1 3376
 00RJBN31  100    1 3376
 00RJEC31  100    1 3376
 00RJEZ31  100    1 3376
 00RJJ531  100    1 3376
 00RJTL31  100    1 3376
 00RJ\K31  100    1 3376
 00RJ\L31  100    1 3376
 00U ZX11  100    1 3376
 00U ZX31  100    1 3376
 00U ZY31  100    1 3376
 00U0C231  100    1 3376
 00U0CZ31  100    1 3376
 00U0C[11  100    1 3376
 00U0C[31  100    1 3376
 00U0C\11  100    1 3376
 00U0C\31  100    1 3376
 00U0D031  100    1 3376
 00U0D131  100    1 3376
 00U1WC31  100    1 3376
 00U63C31  100    1 3376
 00UAGI31  100    1 3376
 00UAQR31  100    1 3376
 00UB4P11  100    1 3376
 00UB4Q11  100    1 3376
 00UB4R11  100    1 3376
 00UC3111  100    1 3376
 00UC8X11  100    1 3376
 00UC8Y11  100    1 3376
 00UCGL11  100    1 3376
 00UD4[11  100    1 3376
 00UG1J31  100    1 3376
 00UJN\31  100    1 3376
 00[CQX21    1    2   24
 00[GRM21    1    3   24
 01F9P511    1    2 1626
 01ZIT421    1   13 2027
 028IP111    1    5   96
 02MGVV11    1    1 3853
 02N0XJ11    1    2 4047
 03B 8111  100    1 3376
 03B13B31  100    1 3376
 03B4TC11  100    1 3376
 03B9O131  100    1 3376
 03B9O231  100    1 3376
 03BA3Z31  100    1 3376
 03BA3\11  100    1 3376
 03BA3]11  100    1 3376
 03BCAJ11  100    1 3376
 03BG3E31  100    1 3376
 03BJNG31  100    1 3376
 03D IV31  100    1 3376
 03D M[11  100    1 3376
 03D ]311  100    1 3376
 03D13O31  100    1 3376
 03D13P31  100    1 3376
 03D13S31  100    1 3376
 03D13V31  100    1 3376
 03D13W31  100 3376
 03D13Y31  100    1 3376
 03D1RU11  100    1 3376
 03DAX\31  100    1 3376
 03DDA 31  100    1 3376
 03DJN[31  100    1 3376
 03DK0Y31  100    1 3376
 03I S411    1   23  277
 03I14O11    1   23  277
 03I14S11    1   23  277
 03I14U11    1   23  277
 03V17111    1    1 1861
 03W17M11    1    1 2875
 03W17W11    1    1 2875
 03WJX111    1    1 1861
 03ZCHX11    1    1 2005
 04\1D711    1    1 2242
 04\1QD11    1    1 2242
 04\BDS11    1    1 2242
 04\H0G21    1    1 2242
 04\I5N11    1    1 2242
 0501D\11    1    1  258
 0501EE11    1    1  258
 050I8U31    1    1  258
 0571G721    1    1  213
 057B1]21    1    1  213
 057C]U21    1    1  213
 05G1J811    1    1  290
 05G1J831    1    1  290
 05GC9]31    1    1  290
 05GIPK31    1    1  290
 05GIQW31    1    1  290
 05GIQX31    1    1  290
 05GIQY31    1    1  290
 05GIQ[31    1    1  290
 05GIQ\31    1    1  290
 05GIQ]31    1    1  290
 05GIR021    1    1  290
 05GIR031    1    1  290
 05GIR131    1    1  290
 05GIR231    1    1  290
 05GIR331    1    1  290
 05GIR431    1    1  290
 05GJ5P21    1    1  290
 05GJPQ11    1    1  290
 05R1LK11    1   23 3091
 05XCJC11    1    1  293
 05XH6R31    1    1  293
 05ZJ8Z11    4   23 4012
 06]IYS21    1    1 2254
 08PIZC21    1    1   72
 09M9EA31  100    1 3376
 09O V221  100    1 3376
 09O V231  100    1 3376
 09OAW\11  100    1 3376
 09OBB411  100    1 3376
 09OBB511  100    1 3376
 09OC 331  100    1 3376
 09OC 431  100    1 3376
 09OC 531  100    1 3376
 09Q5IL31  100    1 3376
 09QAWO31  100    1 3376
 09QBAK11  100    1 3376
 09QBAL31  100    1 3376
 09QBAM31  100    1 3376
 09QBAP31  100    1 3376
 09QGMR31  100    1 3376
 09QI3Y11  100    1 3376
 09QI3Y21  100    1 3376
 09QI3Y31  100    1 3376
 09QI3Z11  100    1 3376
 09QI3Z21  100    1 3376
 09QI3Z31  100    1 3376
 09QI3[11  100    1 3376
 09QI3[21  100    1 3376
 09QI3[31  100    1 3376
 09QI3\11  100    1 3376
 09QI3\21  100    1 3376
 09QI3\31  100    1 3376
 09QI4T11  100    1 3376
 09QI4T21  100    1 3376
 09QI4T31  100    1 3376
 09QI4U11  100    1 3376
 09QI4U21  100    1 3376
 09QI4U31  100    1 3376
 09QI4V11  100    1 3376
 09QI4V21  100    1 3376
 09QI4V31  100    1 3376
 09R EV11  100    1 3376
 09R EW11  100    1 3376
 09R4V311  100    1 3376
 09R4V331  100    1 3376
 0AE2T\11    1    1 3040
 0AQB P11    1    1 2778
 0B32]121    1    2 2109
 0B3FBS11    1    1 2109
 0B3GK\11    1    1 2109
 0BB31121    1    1  463
 0BB31321    1    1  463
 0BB31521    1    1  463
 0BBC5J21    1    1  463
 0BBGM721    1    1  463
 0BBHED21    1    1  463
 0BBHFV21    1    1  463
 0BBHRB21    1    1  463
 0BBJ5Q21    1    1  463
 0BD 6V21    1    1  463
 0BE31I21    1    1  463
 0BE31W21    1    1  463
 0BE32W21    1    1  463
 0BE32X21    1    1  463
 0BEA]721    1    1  463
 0BEB4Z21    1    1  463
 0BEBCJ21    1    1  463
 0B[36M21    1    8 2778
 0C43 Q11    1    1 3032
 0C43 T11    1    1 3032
 0CB3B611    1    1  140
 0CS3CA11    1    1  185
 0CS3CJ11    1    1  185
 0D83H711    1    1 1572
 0DF3IM21    1    1 1697
 0DH1RN11  100    1 3376
 0DHGM 31  100    1 3376
 0DHGMA31  100    1 3376
 0DHGMB31  100    1 3376
 0DHGMC31  100    1 3376
 0DHGMD31  100    1 3376
 0DHGMF31  100    1 3376
 0DHGMG31  100    1 3376
 0DHI]N31  100    1 3376
 0DHJCR31  100    1 3376
 0DK3J711  100    1 3376
 0EA3X421    1    3  121
 0EAGE]11    1   21  121
 0EAGE]21    1   21  121
 0EAGV521    1   22  121
 0EAGV621    1    1  121
 0EAGV911    1    3  121
 0EAGV921    1   24  121
 0EAGVA11    1   23  121
 0EAGVA21    1   23  121
 0EAGVB21    1   27  121
 0EAJ8P11    1   25  121
 0EAJ8P21    1   25  121
 0EAJ8Q11    1   26  121
 0EAJ8Q21    1   26  121
 0EJ40Y11    1   62  121
 0EJ40Y21    1   62  121
 0EJIXX11    1   61  121
 0EJIXX21    1   61  121
 0EJJ]611    1   63  121
 0EJJ]621    1   63  121
 0EJJ]711    1   64  121
 0EJJ]721    1   64  121
 0EJJ]811    1   65  121
 0EJJ]821    1   65  121
 0EL42 21    1    1  121
 0EL42111    1    3  121
 0EL42211    1   11  121
 0EL42221    1   11  121
 0EL42311    1    3  121
 0EL42321    1    1  121
 0EL42411    1   12  121
 0EL42421    1   12  121
 0EL42521    1   15  121
 0EL42711    1   14  121
 0EL42721    1   14  121
 0EL42811    1   13  121
 0EL42821    1   13  121
 0EL42921  100    1  121
 0EL42931  100    1  121
 0EL42A21    1    1  121
 0EP42L11    1    1  119
 0E]45G31  100    1 3376
 0E]9FJ31  100    1 3376
 0E]9FT31  100    1 3376
 0E]9FU31  100    1 3376
 0E]9FW31  100    1 3376
 0E]9FX31  100    1 3376
 0E]B1J31  100    1 3376
 0E]B1K31  100    1 3376
 0E]BMP11  100    1 3376
 0E]BMP31  100    1 3376
 0E]BTH31  100    1 3376
 0E]C\ 31  100    1 3376
 0E]DF\31  100    1 3376
 0E]G2Z31  100    1 3376
 0E]GWZ31  100    1 3376
 0E]HAW31  100    1 3376
 0E]IT311  100    1 3376
 0E]J6131  100    1 3376
 0E]JQ431  100    1 3376
 0E]JY731  100    1 3376
 0E]JY831  100    1 3376
 0F5 5U11    1    1  557
 0F5 8W11    1    1  557
 0F5 8X11    1    1  557
 0F5 ][11    1    1  557
 0F546M11    1    1  557
 0F546Y11    1    1  557
 0F547 11    1    1  557
 0F547211    1    1  557
 0F547311    1    1  557
 0F547511    1    1  557
 0F547611    1    1  557
 0F547711    1    1  557
 0F547811    1    1  557
 0F547911    1    1  557
 0F547A11    1    1  557
 0F547B11    1    1  557
 0F547C11    1    1  557
 0F547D11    1    1  557
 0F547E11    1    1  557
 0F547F11    1    1  557
 0F547G11    1    1  557
 0F547H11    1    1  557
 0F547I11    1    1  557
 0F547J11    1    1  557
 0F547L11    1    1  557
 0F547M11    1    1  557
 0F547N11    1    1  557
 0F547P11    1    1  557
 0F547Q11    1    1  557
 0F547R11    1    1  557
 0F547S11    1    1  557
 0F547T11    1    1  557
 0F547W11    1    1  557
 0F547Z11    1    1  557
 0F547[11    1    1  557
 0F547]11    1    1  557
 0F548011    1    1  557
 0F548211    1    1  557
 0F548311    1    1  557
 0F548411    1    1  557
 0F548611    1    1  557
 0F54OV11    1    1  557
 0F54OW11    1    1  557
 0F54OX11    1    1  557
 0F54OY11    1    1  557
 0F54Z011    1    1  557
 0F59J 11    1    1  557
 0F59J211    1    1  557
 0F59J311    1    1  557
 0F59J411    1    1  557
 0F59J511    1    1  557
 0F59J711    1    1  557
 0F59J811    1    1  557
 0F59JA11    1    1  557
 0F59JB11    1    1  557
 0F59JC11    1    1  557
 0F59JD11    1    1  557
 0F59JE11    1    1  557
 0F59JG11    1    1  557
 0F5A8O11    1    1  557
 0F5A8P11    1    1  557
 0F5AGK11    1    1  557
 0F5AQN11    1    1  557
 0F5AQP11    1    1  557
 0F5ARL11    1    1  557
 0F5ARN11    1    1  557
 0F5BMS11    1    1  557
 0F5BQC11    1    1  557
 0F5BQD11    1    1  557
 0F5C7Z11    1    1  557
 0F5CN411    1    1  557
 0F5CP511    1    1  557
 0F5CP611    1    1  557
 0F5CP711    1    1  557
 0F5D2J11    1    1  557
 0F5D2K11    1    1  557
 0F5DFX11    1    1  557
 0F5FGW11    1    1  557
 0F5F]F11    1    1  557
 0F5G R11    1    1  557
 0F5G S11    1    1  557
 0F5G U11    1    1  557
 0F5GK311    1    1  557
 0F5GK411    1    1  557
 0FB4 J11    1    1 2360
 0FBDCY11    1    1 2360
 0FD4 R11    1    1 2367
 0FH4A 11    1    1 2381
 0FH4A011    1    1 2381
 0FH4A311    1    1 2381
 0FH4A811    1    1 2381
 0FH4AB11    1    1 2381
 0FH4XF11    1    1 2381
 0FHB0T11    1    1 2381
 0FHBOZ11    1    1 2381
 0FHC0611    1    1 2381
 0FHCEC11    1    1 2381
 0FHCMV11    1    1 2381
 0FHCZ]11    1    1 2381
 0FHD7 11    1    1 2381
 0FHDDQ11    1    1 2381
 0FHDEC11    1    1 2381
 0FHFD711    1    1 2381
 0FHFD811    1    1 2381
 0FHFD911    1    1 2381
 0FHFH511    1    1 2381
 0FHFI511    1    1 2381
 0FHG4C11    1    1 2381
 0FHG4D11    1    1 2381
 0FHGCB21    1    1 2381
 0FHJAE11    1    1 2381
 0FHJDT11    1    1 2381
 0FX4EF11    1    2 1578
 0FX4EH11    1    2 1578
 0FX4EL11    1    2 1578
 0FX4E[11    1    2 1578
 0FX4E\11    1    2 1578
 0F[4FN11    1    2 1578
 0F[4FO11    1    2 1578
 0F[4FP11    1    2 1578
 0F[4FQ11    1    2 1578
 0F[4FR11    1    2 1578
 0F[4FS11    1    2 1578
 0F[4FT11    1    2 1578
 0F[4FU11    1    2 1578
 0F[4FV11    1    2 1578
 0F[4FW11    1    2 1578
 0F[4FX11    1    2 1578
 0F[4FY11    1    2 1578
 0F[4FZ11    1    2 1578
 0F\4F[11    1    2 1578
 0F\4F\11    1    2 1578
 0F\4F]11    1    2 1578
 0F\4G011    1    2 1578
 0F\4G111    1    2 1578
 0F\4G211    1    2 1578
 0F\4G311    1    2 1578
 0F\4G411    1    2 1578
 0F\4G511    1    2 1578
 0F\4G611    1    2 1578
 0F\4G711    1    2 1578
 0F\4G811    1    2 1578
 0F\4G911    1    2 1578
 0F\4G 11    1    2 1578
 0F\4GA11    1    2 1578
 0F\4GB11    1    2 1578
 0F\4GC11    1    2 1578
 0F\4GD11    1    2 1578
 0F\4GE11    1    2 1578
 0F\4GF11    1    2 1578
 0F\4GG11    1    2 1578
 0F\4WO11    1    2 1578
 0F\4WP11    1    2 1578
 0F\4WQ11    1    2 1578
 0F\4WR11    1    2 1578
 0F\4WS11    1    2 1578
 0F\4WT11    1    2 1578
 0F\4WU11    1    2 1578
 0F\4WV11    1    2 1578
 0F\4WW11    1    2 1578
 0F\4YF11    1    2 1578
 0F\ UW11    1    2 1578
 0F\AGL11    1    2 1578
 0F\AL711    1    2 1578
 0F\AWT11    1    2 1578
 0F\B9\11    1    2 1578
 0F\C8T11    1    2 1578
 0F\CHZ11    1    2 1578
 0F\D3V11    1    2 1578
 0F\D9\11    1    2 1578
 0G 4IK11    1   23  527
 0G54GX11    1    1 1766
 0G54G\11    1    1 1766
 0G54H011    1    1 1766
 0G74HI21    1    1  739
 0G74HJ21    1    1  739
 0GA4J311    1   13 2124
 0GGJX421    1   13   77
 0GI4KG11    1    2 1578
 0GR4LV11    1   13  190
 0GRDH011    1   13  190
 0GW4MT11    1    2 1578
 0GW4MU11    1    2 1578
 0GW4MV11    1    2 1578
 0GW4MW11    1    2 1578
 0GW4MX11    1    2 1578
 0GW4MY11    1    2 1578
 0G\C\331  100    1 3376
 0G\H8L21    1   13 2276
 0G\HLC21    1   13 2276
 0H 4VJ11    1    1 2294
 0HG4SI11  100    1 3376
 0HG4SI31  100    1 3376
 0HG4SJ11  100    1 3376
 0HG4SJ31  100    1 3376
 0HG4SK31  100    1 3376
 0HG4SL11  100    1 3376
 0HG4SL31  100    1 3376
 0HG4SM11  100    1 3376
 0HG4SM31  100    1 3376
 0HG4UE11  100    1 3376
 0HG4UE21  100    1 3376
 0HG4UE31  100    1 3376
 0HT Z711  100    6 3376
 0HT Z731  100    6 3376
 0HUI[711  100    1 3376
 0HW4UL11  100    1 3376
 0HW4UL31  100    1 3376
 0HW4UM11  100    1 3376
 0HW4UM31  100    1 3376
 0HX4UT31  100    1 3376
 0HX4Y831  100    1 3376
 0HY4UU11  100    1 3376
 0HY4UU21  100    1 3376
 0HY4UU31  100    1 3376
 0I1 E211  100    1 3376
 0I1 E231  100    1 3376
 0I1 ]L11  100    6 3376
 0I1 ]L31  100    6 3376
 0I14WB11  100    1 3376
 0I14WB31  100    1 3376
 0I14XM11  100    1 3376
 0I14XM31  100    1 3376
 0I1A5M11  100    6 3376
 0I1A5M31  100    6 3376
 0I1AUA11  100    6 3376
 0I1AUA31  100    6 3376
 0I1BRK11  100    6 3376
 0I1BRK31  100    6 3376
 0I44X611  100    1 3376
 0I44XG11  100    1 3376
 0I44XH11  100    1 3376
 0IB4ZA21  100    1 3376
 0IB4ZA31  100    1 3376
 0IB4ZE21  100    1 3376
 0IB4ZE31  100    1 3376
 0IB4ZG21  100    1 3376
 0IB4ZG31  100    1 3376
 0IB4ZJ21  100    1 3376
 0IB4ZJ31  100    1 3376
 0IB4ZM31  100    1 3376
 0IBBTG21  100    1 3376
 0IBBTG31  100    1 3376
 0IBHCP31  100    1 3376
 0IBIYN31  100    1 3376
 0IBIYO31  100    1 3376
 0IF4[731  100    1 3376
 0IF4[V31  100    1 3376
 0IF4[Y31  100    1 3376
 0IFA5211  100    1 3376
 0IFA5311  100    1 3376
 0IFA5331  100    1 3376
 0IFCBP31  100    1 3376
 0IFCE931  100    1 3376
 0IFFK431  100    1 3376
 0IFGC931  100    1 3376
 0IFGFO31  100    1 3376
 0IFG]V31  100    1 3376
 0IFH8H31  100    1 3376
 0IFINY31  100    1 3376
 0IFIU111  100    1 3376
 0IFJ5H31  100    1 3376
 0IFJNS31  100    1 3376
 0IKIUM11    1    1  992
 0IKIUN11    1    1  992
 0IKIUO11    1    1  992
 0IO JR11    1    1  573
 0IXBN221    1    1 2451
 0IXHPP21    1    1 2451
 0J754Z11    1    9 2446
 0J755411    1    8 2446
 0JF 3V11    1   10  375
 0JIIRQ21    1    1 2449
 0JIJ[S21    1    1 2449
 0K 9I\11    1    1 1522
 0K4GB411    1    1  401
 0K4GPC11    1    6  401
 0K4GPF11    1    7  401
 0K4GR 11    1   17  401
 0K4GR011    1    8  401
 0K4GR111    1    9  401
 0K4GR211    1   10  401
 0K4GR311    1   12  401
 0K4GR411    1   11  401
 0K4GR511    1   13  401
 0K4GR611    1   14  401
 0K4GR811    1   15  401
 0K4GR911    1   16  401
 0K4GRB11    1   19  401
 0K4GRC11    1   20  401
 0K4GRD11    1   21  401
 0K4GRE11    1   22  401
 0K4GRF11    1   23  401
 0K4GRH11    1   26  401
 0K4GVD11    1    5  401
 0K4G]S11    1    4  401
 0K4HFG11    1    3  401
 0K4I4K11    1    2  401
 0K4ISH11    1   27  401
 0K4ITJ11    1   28  401
 0K4JDU11    1   29  401
 0K4JDV11    1   30  401
 0K4JDW11    1   31  401
 0K4JDX11    1   32  401
 0K4JD\11    1   33  401
 0K4JE111    1   34  401
 0K4JE311    1   35  401
 0K4JE611    1   36  401
 0K4JE811    1   37  401
 0K4JJ611    1   38  401
 0K4JJ621    1   38  401
 0K4JSG11    1    1  401
 0K4JSG21    1   46  401
 0K4JSI11    1    1  401
 0K4JSI21    1   47  401
 0K4JSJ11    1   48  401
 0K4JSJ21    1   48  401
 0K4JSM11    1   49  401
 0K4JSM21    1   49  401
 0K4JSO11    1   50  401
 0K4JSO21    1   50  401
 0K4JSP11    1   51  401
 0K4JSP21    1   51  401
 0K4JSQ11    1   52  401
 0K4JSQ21    1   52  401
 0K4JSR11    1   53  401
 0K4JSR21    1   53  401
 0K4JSX11    1   54  401
 0K4JSX21    1   54  401
 0K4JS\11    1   55  401
 0K4JS\21    1   55  401
 0K4JT 11    1   61  401
 0K4JT 21    1   61  401
 0K4JT211    1   56  401
 0K4JT221    1   56  401
 0K4JT411    1   57  401
 0K4JT421    1   57  401
 0K4JT611    1   58  401
 0K4JT621    1   58  401
 0K4JT711    1   59  401
 0K4JT721    1   59  401
 0K4JT911    1   60  401
 0K4JT921    1   60  401
 0K4JTA11    1   62  401
 0K4JTA21    1   62  401
 0K4JTB11    1   63  401
 0K4JTB21    1   63  401
 0K4JTC11    1   64  401
 0K4JTC21    1   64  401
 0K4JTD11    1   65  401
 0K4JTD21    1   65  401
 0K4JTG11    1   66  401
 0K4JTG21    1   66  401
 0K4JTH11    1   67  401
 0K4JTH21    1   67  401
 0K4JTI11    1   68  401
 0K4JTI21    1   68  401
 0K4JTJ11    1   69  401
 0K4JTJ21    1   69  401
 0K4JTK11    1   70  401
 0K4JTK21    1   70  401
 0K4JTM11    1   71  401
 0K4JTM21    1   71  401
 0K4JTN11    1   72  401
 0K4JTN21    1   72  401
 0K4JTO11    1   73  401
 0K4JTO21    1   73  401
 0K4JTQ11    1   74  401
 0K4JTQ21    1   74  401
 0K4JTR11    1   75  401
 0K4JTR21    1   75  401
 0K4JTS11    1   76  401
 0K4JTS21    1   76  401
 0K4JTT11    1   77  401
 0K4JTT21    1   77  401
 0K4JTU11    1   78  401
 0K4JTU21    1   78  401
 0K4JU711    1    1  401
 0K4JU721    1   39  401
 0K4JU811    1    1  401
 0K4JU821    1   40  401
 0K4JU911    1    1  401
 0K4JU921    1   41  401
 0K4JUA11    1    1  401
 0K4JUA21    1   42  401
 0K4JV711    1    1  401
 0K4JV721    1   43  401
 0K4JV811    1    1  401
 0K4JV821    1   44  401
 0K4JV911    1    1  401
 0K4JV921    1   45  401
 0KA5D\21    1    1 1784
 0L2 4431  100    1 3376
 0L25I531  100    1 3376
 0L25ID31  100    1 3376
 0L25IF31  100    1 3376
 0L25IN31  100    1 3376
 0L25IP31  100    1 3376
 0L2BMN31  100    1 3376
 0L2CGN31  100    1 3376
 0L2FK531  100    1 3376
 0L2I8S31  100    1 3376
 0L2IY731  100    1 3376
 0LDJNY11    1    1  583
 0LG5LF11    1    1  619
 0LHJE[21    1    1 2068
 0LKG9S21    1    1  366
 0LKIQ021    1    1  366
 0LKK0Z21    1    1  366
 0LN5O 21    1    1 1924
 0LNHFT21    1    1 1924
 0LNHFU21    1    1 1924
 0LR 6L11    2    1  591
 0LR5O]11    1    1  591
 0LR5PK11    2    1  591
 0LR5Q411    2    1  591
 0LRAXW11    1    1  591
 0LRCEW11    2    1  591
 0LRJUZ11    1    1  591
 0LS 6J11    2    1  591
 0LS GJ11    1    1  591
 0LS5QB11    1    1  591
 0LS5QI11    1    1  591
 0LS5QK11    2    1  591
 0LS5QW11    2    1  591
 0LS5QX11    2    1  591
 0LS5Q]11    2    1  591
 0LS5R411    1    1  591
 0LS5RI11    1    1  591
 0LS5RJ11    1    1  591
 0LS5RL11    1    1  591
 0LS5S111    2    1  591
 0LSBKF11    2    1  591
 0LSB\]11    1    1  591
 0LSG H11    1    1  591
 0LSG1O11    1    1  591
 0LSG1P11    1    1  591
 0LSG1Q11    2    1  591
 0LSG2K11    2    1  591
 0LSG6K11    2    1  591
 0LSGG211    1    1  591
 0LSHF711    2    1  591
 0LSHKZ11    1    1  591
 0LSI0R11    2    1  591
 0LSIA]11    1    1  591
 0LSIZP11    1    1  591
 0LSJ2411    1    1  591
 0LSJEH11    1    1  591
 0LSJR]11    1    1  591
 0LSJS011    1    1  591
 0LSJS111    1    1  591
 0LSJS211    1    1  591
 0LSJS311    1    1  591
 0LSJS411    1    1  591
 0LSJS511    1    1  591
 0LSJUP11    1    1  591
 0LSJUQ11    1    1  591
 0LSJUR11    1    1  591
 0LSJUS11    1    1  591
 0LSJUU11    1    1  591
 0LSJUX11    1    1  591
 0LSJUY11    1    1  591
 0LSJU[11    1    1  591
 0LSJU\11    1    1  591
 0LSJU]11    1    1  591
 0LSJVQ11    1    1  591
 0LSJVR11    1    1  591
 0LSJVT11    1    1  591
 0LSJVV11    1    1  591
 0LSJVW11    1    1  591
 0LSJVX11    1    1  591
 0LSJX811    1    1  591
 0LSJXG11    1    1  591
 0LSJXH11    1    1  591
 0LSJXJ11    1    1  591
 0LSJXK11    1    1  591
 0LT5TC11    2    1  591
 0LTBO611    2    1  591
 0LTC5L11    2    1  591
 0LTGEN11    1    1  591
 0LU5U 11    2    1  591
 0LU5UI11    2    1  591
 0LU5UU11    1    1  591
 0LU5V011    2    1  591
 0LU5VA11    2    1  591
 0LU5VD11    1    1  591
 0LU5VH11    1    1  591
 0LU9GJ11    2    1  591
 0LUD6Y11    2    1  591
 0LUGIL11    1    1  591
 0LUJL111    1    1  591
 0LUJUT11    1    1  591
 0LUJUV11    1    1  591
 0LUJUW11    1    1  591
 0M25XF11    1    1  854
 0M25XK11    1    1  854
 0M2C9V11    1    1  854
 0M2C9W11    1    1  854
 0M2C9X11    1    1  854
 0M2CGI11    1    1  854
 0M7AW621    1    1  610
 0MB5[ 11    1    2 1662
 0MB5[111    1    2 1662
 0MB5[211    1    2 1662
 0MB5[311    1    2 1662
 0MB5[411    1    2 1662
 0MB5[511    1    2 1662
 0MB5[611    1    2 1662
 0MB5[711    1    2 1662
 0MB5[811    1    2 1662
 0MB5[911    1    2 1662
 0MB5[A11    1    2 1662
 0MB5[B11    1    2 1662
 0MB5[C11    1    2 1662
 0MB5[D11    1    2 1662
 0MB5[F11    1    2 1662
 0MB5[G11    1    2 1662
 0MBCVU11    1    2 1662
 0MBCVV11    1    2 1662
 0MBCXY11    1    1 1662
 0MBD7D11    1    2 1662
 0MBD7E11    1    2 1662
 0MS60E11    1    1  869
 0MSCUY11    1    1  869
 0MSFHS11    1    1  869
 0MSFHW11    1    1  869
 0MSH4P11    1    1  869
 0MSH4P21    1    1  869
 0MSIYU11    1    1  869
 0MSJAF11    1    1  869
 0MSJRM11    1    1  869
 0MSJ]K11    1    1  869
 0MX61611    1    1 1791
 0MX61A11    1    1 1791
 0N2G0T11    1    1 1548
 0N2G0T21    1    1 1548
 0N2JWJ11    1    1 1548
 0NB63 11  100    1 3376
 0NB63 31  100    1 3376
 0NH [431  100    1 3376
 0NH63V31  100    1 3376
 0NH63W11  100    1 3376
 0NH63W21  100    1 3376
 0NH63X11  100    1 3376
 0NH63Y31  100    1 3376
 0NH63Z11  100    1 3376
 0NH63[31  100    1 3376
 0NH63]11  100    1 3376
 0NH64031  100    1 3376
 0NH64231  100    1 3376
 0NH64331  100    1 3376
 0NH9ML31  100    1 3376
 0NHCSP31  100    1 3376
 0NHGV[31  100    1 3376
 0NHGV\21  100    1 3376
 0NHGV]21  100    1 3376
 0NHHJG31  100    1 3376
 0NHHKT31  100    1 3376
 0NHIQ731  100    1 3376
 0NHJ7B31  100    1 3376
 0NHK0X31  100    1 3376
 0OX6CA11    1    1  238
 0OXJ5X11    1    1  238
 0OY6C]11    1    1  488
 0OZ6D911    1    1 2821
 0O[6DC11    1    1  831
 0O[CKY11    1    1  831
 0O[IWE11    1    1  831
 0PD6LQ11    1   23 3088
 0PD6LQ21    1   23 3088
 0PN  W11  100    1 3376
 0PN  W21  100    1 3376
 0PN4R331  100    1 3376
 0PN6N731  100    1 3376
 0PN6NB31  100    1 3376
 0PNGW131  100    1 3376
 0PQ 5131  100    1 3376
 0PQ G\31  100    1 3376
 0PQ MS31  100    1 3376
 0PQ6N[31  100    1 3376
 0PQ6O 31  100    1 3376
 0PQ6O711  100    1 3376
 0PQ6OB31  100    1 3376
 0PQ6OF31  100    1 3376
 0PQ6OI31  100    1 3376
 0PQA5011  100    1 3376
 0PQA5531  100    1 3376
 0PQDB431  100    1 3376
 0PQFB 11  100    1 3376
 0PQHP]21  100    1 3376
 0PQHP]31  100    1 3376
 0Q36RS11    1    1 4031
 0R36Z\11    1    1 3025
 0SW76J11    1    1 1835
 0TT7DD11    1    1 1950
 0T\ALW11    1    1  707
 0U17F521    1    1 1928
 0U17F621    1    1 1928
 0U17F721    1    1 1928
 0U67F\11    1    1  723
 0U67G311    1    1  723
 0U67G711    1    1  723
 0U97GA21    1   23  234
 0U9JJX21    1   23  234
 0UM7L811    1    1 2171
 0UM7L911    1    1 2171
 0UM7LA11    1    1 2171
 0UMGM111    1    1 2171
 0UO7LK11    1    1  252
 0V87PA11    1    1 2238
 0V8CDD11    1    1 2238
 0V8CDD21    1    1 2238
 0VR7WC21    1    1  240
 0VRG1M21    1    1  240
 0W27ZP11    1    1 3608
 0W2D4E11    1    1 3608
 0WN45E31  100    1 3376
 0WNF]E31  100    1 3376
 0WNGMS31  100    1 3376
 0WNH0V31  100    1 3376
 0WNH0W11  100    1 3376
 0WNH1Q31  100    1 3376
 0WNH1R31  100    1 3376
 0WNHE111  100    1 3376
 0WNHE121  100    1 3376
 0WNHE131  100    1 3376
 0WNHE231  100    1 3376
 0WNHEL11  100    1 3376
 0WNHEL21  100    1 3376
 0WNHEL31  100    1 3376
 0WNJ3I11  100    4 3376
 0WNJ6I11  100    1 3376
 0WNJ6I31  100    1 3376
 0WY8 H11    4    1  363
 0W[8A111    1    1 1683
 0XH8D 11    1    1 1999
 0X[8GL11    1    1 1674
 0YT8Q 11    1    1 3004
 0YT8Q 21    1    1 3004
 0YT8Q321    1    1 3004
 0YT8Q821    1    1 3004
 0YTGSP21    1    1 3004
 0Z18SR31  100    1 3376
 0Z18SW31  100    1 3376
 0Z18SY31  100    1 3376
 0Z19HK31  100    1 3376
 0Z1ASG11  100    1 3376
 0Z1AT 31  100    1 3376
 0Z1ATA31  100    1 3376
 0Z28T021  100    1 3376
 0ZL8VS11    1    1  362
 0ZL8VS21    1    1  362
 0ZL8VT11    1    1  362
 0ZL8WS11    1    1  362
 0ZLI\S11    1    1  362
 0ZM8X 11    1    1 4028
 0ZM8X511    1    1 4028
 0ZM8X611    1    1 4028
 0ZM8X811    1    1 4028
 0ZM8X911    1    1 4028
 0ZM8XA11    1    1 4028
 0ZM8XB11    1    1 4028
 0ZM8XC11    1    1 4028
 0ZMHAL11    1    1 4028
 0ZV8YB11    2    1  591
 0ZV8YD11    2    1  591
 0ZV8YF11    2    1  591
 0ZV8YU11    2    1  591
 0ZV8Z 11    1    1  591
 0ZV8ZD11    2    1  591
 0ZVD9O11    2    1  591
 0[2A1911    1    1  902
 0[2J6G11    1    1  902
 0[5J5V11    1    1 4004
 0[5JQQ11    1    1 4004
 0[6G4W11    1    1 4255
 0[6K0M11    1    1 4255
 0[890R11    1    1  950
 0[890[11    1    1  950
 0[D93211    1    1  593
 0[D93311    1    1  593
 0[D93711    1    1  593
 0[D93C11    1    1  593
 0[D93J11    1    1  593
 0[D93K11    1    1  593
 0[D93L11    1    1  593
 0[DI5E11    1    1  593
 0\197 21    1    1  604
 0\697T11    1    1 1671
 0\698011    1    1 1671
 0\698311    1    1 1671
 0\9 GS11    1    1  643
 0\R9AD11    1    1  949
 0\RG9 11    1    1  949
 0\RGDG11    1    1  949
 0\RHCR11    1    1  949
 0\RI G11    1    1  949
 0]7 G 11  100    1 3376
 0]7 G 31  100    1 3376
 0]79C831  100    1 3376
 0]7A7511  100    1 3376
 0]7A7531  100    1 3376
 0]7BBM11  100    1 3376
 0]7BBM31  100    1 3376
 0]8 2X31  100    1 3376
 0]8 2Y31  100    1 3376
 0]8 2\31  100    1 3376
 0]8 3131  100    1 3376
 0]89C 31  100    1 3376
 0]89CA11  100    1 3376
 0]89CB11  100    1 3376
 0]89CC31  100    1 3376
 0]89CE31  100    1 3376
 0]8CHV31  100    1 3376
 0]8CXL31  100    1 3376
 0]8GXL31  100    1 3376
 0]A9E811    1    1 2313
 0]YI5O11    1   23 2825
 10V9OG11    1    1 3111
 10V9OH11    1    1 3111
 10Y9OM11    1    1 3312
 1129O[11    1    1 3290
 1149O]11    1    3 3395
 1149O]21    1    1 3395
 1149P011    1    3 3395
 1149P021    1    1 3395
 1159P211    1    1 3188
 1189P711    1    4 3336
 1189P911    4    6 3336
 118AWJ11    1    2 3336
 118CZ[11    1    1 3336
 1199PA11    1    1 3112
 1199PB11    1    1 3112
 1199PC11    1    1 3112
 1199PD11    1    1 3112
 1199PF11    1    1 3112
 1199PG11    1    1 3112
 1199PH11    1    1 3112
 1199PI11    1    1 3112
 1199PJ11    1    1 3112
 1199PK11    1    1 3112
 1199PL11    1    1 3112
 1199PR11    1    1 3112
 1199PS11    1    1 3112
 1199PT11    1    1 3112
 119G8B31    1    1 3112
 11A 7L21    1    6 3119
 11A9P[21    1    6 3119
 11A9P\21    1    4 3119
 11AB1121    1    2 3119
 11ACB 11    1    1 3119
 11ACB 21    1    1 3119
 11AIT821    1    3 3119
 11C9Q311    1    1 3127
 11F9QC11    1    1 3359
 11N9RK11    1    3 3269
 11N9RL11    1    3 3269
 11NFIC11    1    1 3269
 11NFID11    1    1 3269
 11NFIE11    1    1 3269
 11]9SK11    1    1 3237
 11]9SK21    1    1 3237
 1209SL11    1    1 3344
 1209SM11    1    1 3344
 1209SN11    1    1 3344
 122B8V11    1    1 3200
 122BW 11    1    1 3200
 122C Y11    1    1 3200
 1259SX11    1    1 3123
 1279S\11    1    1 3118
 1279S]11    1    1 3118
 12B9T 11    1    1 3180
 12B9TA11    1    1 3180
 12G9U011    1    1 3146
 12M9UO11    1    1 3280
 12MBVX11    1    1 3280
 12P9UV11    1    1 3142
 12T9U[11    1    1 3241
 12V9V311    1    1 3139
 12V9V411    1    1 3139
 12V9V511    1    1 3139
 12V9V611    1    1 3139
 12Y9V 11  100   18 3376
 12Y9V911  100   18 3376
 12\9VG11    1    1 2571
 12\9VH11    1    2 2571
 12\9VI11    1    3 2571
 12\9VJ11    1    4 2571
 12\9VK11    1    5 2571
 12\9VL11    1    6 2571
 12\9VM11    1    7 2571
 12]9VN21    1   44 3332
 12]9VO21    1   14 3332
 12]9VP21    1   50 3332
 12]9VQ21    1   44 3332
 12]9VR21    1   47 3332
 12]9VS21    1   44 3332
 12]9VT21    1    9 3332
 12]9VU21    1    1 3332
 12]9VW21    1    9 3332
 12]9VX21    1   58 3332
 12]9VY21    1   44 3332
 12]9VZ21    1    1 3332
 12]9V[21    1   44 3332
 12]9V]21    4   51 3332
 12]9W 21    1   32 3332
 12]9W221    1   44 3332
 12]9W321    1   44 3332
 12]9W421    1    9 3332
 12]9W621    1   26 3332
 12]9W721    1   44 3332
 12]9W821    1   44 3332
 12]9WF21    1   44 3332
 12]9WH21    1   44 3332
 12]9WJ21    1   44 3332
 12]9WK21    1   44 3332
 12]9WM21    1   13 3332
 12]9WO21    1   44 3332
 12]9WT21    1   44 3332
 12]9WV21    1   44 3332
 12]9WW21    1   24 3332
 12]9WX21    1   44 3332
 12]9WY21    1   44 3332
 12]9WZ21    1   44 3332
 12]9W[21    1   44 3332
 12]9W]21    1    1 3332
 12]9X 21    1   44 3332
 12]9X021    1   44 3332
 12]9X121    1   18 3332
 12]9X321    1    2 3332
 12]9X821    1   44 3332
 12]9X921    1   44 3332
 12]9XB21    1   44 3332
 12]9XC21    1   44 3332
 12]9XD21    1   44 3332
 12]9XE21    1   44 3332
 12]9XF21    1    1 3332
 12]9XG21    1    1 3332
 12]9XH21    1   44 3332
 12]9XJ21    1    1 3332
 12]9XK21    1   44 3332
 12]9XN21    1   11 3332
 12]G0U21    1    1 3332
 12]HAM21    1    1 3332
 12]HP221    1    1 3332
 12]J1621    1    1 3332
 12]J1721    1   57 3332
 12]J7721    1   57 3332
 12]J7821    1   44 3332
 1379Y121    1    1 3130
 1379Y221    1    2 3216
 13E9YV11    1    1 3415
 13G9YY11    1    1 3337
 13GJFI11    1    2 3337
 13H9Y[11    1    1 3106
 13H9Y\11    1    1 3106
 13H9Y]11    1    1 3106
 13H9Z 11    1    1 3106
 13H9Z011    1    1 3106
 13H9Z111    1    1 3106
 13H9Z211    1    1 3106
 13H9Z311    1    1 3106
 13H9Z411    1   10 3106
 13H9Z511    1    1 3106
 13H9Z611    1    1 3106
 13H9Z711    1    1 3106
 13H9Z811    1   10 3106
 13H9Z911    1    1 3106
 13H9ZA11    1    1 3106
 13H9ZB11    1    1 3106
 13H9ZC11    1    1 3106
 13H9ZD11    1    1 3106
 13H9ZE11    1    2 3106
 13H9ZF11    1   10 3106
 13H9ZG11    1   10 3106
 13H9ZH11    1    5 3106
 13H9ZI11    1    1 3106
 13H9ZJ11    1    1 3106
 13H9ZK11    1   10 3106
 13H9ZL11    1    1 3106
 13H9ZM11    1    1 3106
 13H9ZN11    1   10 3106
 13H9ZO11    1    1 3106
 13H9ZP11    1    1 3106
 13H9ZQ11    1    1 3106
 13H9ZR11    1   10 3106
 13HB2511    1    2 3106
 13HB2611    1    2 3106
 13HB2711    1    2 3106
 13HB2A11    1    2 3106
 13HB2B11    1    2 3106
 13HB2C11    1    2 3106
 13O9[611    1    1 3346
 13O9[711    1    1 3346
 13O9[721    1    1 3346
 13O9[A11    1    6 3346
 13V9[R11    1    1 3215
 13X9[T11    1    1 3133
 13Z9[X11    1    1 3213
 13ZDD311    1    1 3213
 1439\111    1   41 3315
 1439\211    1   40 3195
 143J5]11    1   41 3195
 143J7511    1   42 3195
 147 \O11    1    4 3163
 147 \P11    1    1 3163
 1479\C11    1    3 3163
 1479\E11    1    1 3163
 1479\G11    1    1 3163
 1479\H11    1    1 3163
 1479\J11    1    1 3163
 147AQX11    1    2 3163
 147B2E11    1    5 3163
 147HHW11    1    5 3163
 14I9]P11    1    1 3176
 14I9]Q11    1    1 3176
 14I9]R11    1    1 3176
 14I9]S11    1    2 3177
 14R 0H11    1    1  363
 14R 0H31  100    1  363
 14R WQ11    1    1  363
 14R W\11    1    1  363
 14R W]11    1    1  363
 14R X011    1    4  363
 14R X031    1    1  363
 14R X111    1    1  363
 14R X131    1    1  363
 14R X211    1    1  363
 14R X311    1    1  363
 14R X411    1    1  363
 14R X611    1    1  363
 14R X711    1    1  363
 14RB2]11    1    1  363
 14RB3 11    1    1  363
 14RB3011    1    1  363
 14RB3111    1    1  363
 14RB3211    1    1  363
 14RB3311    1    1  363
 14RB3411    1    1  363
 14RB3511    1    1  363
 14RB3711    1    1  363
 14RB3811    1    1  363
 14RB3A11    1    1  363
 14RB3C11    1    1  363
 14RB3D11    1    1  363
 14RB3E11    1    1  363
 14RB3F11    1    1  363
 14RB3G11    1    1  363
 14RB3I11    1    1  363
 14RB3J11    1    1  363
 14RB3K11    1    1  363
 14RB3L11    1    1  363
 14RB3M11    1    1  363
 14RB3N11    1    1  363
 14RB3O11    1    1  363
 14RB3P11    1    1  363
 14RB3Q11    1    1  363
 14RB3R11    1    1  363
 14RB3S11    1    1  363
 14RB3T11    1    1  363
 14RB3U11    1    1  363
 14RB3V11    1    1  363
 14RB3X11    1    1  363
 14RB3Y11    1    1  363
 14RB3Z11    1    1  363
 14RB3[11    1    1  363
 14RBA 11    1    1  363
 14RBA811    1    1  363
 14RBA911    1    1  363
 14RBCW11    1    1  363
 14RBKJ11    1    1  363
 14RBZ]11    1    1  363
 14RCAU11    1    1  363
 14RCCN11    1    1  363
 14RCCO11    1    1  363
 14RCCP11    1    1  363
 14RCFS11    1    1  363
 14RCUI11    1    1  363
 14RCZI11    1    1  363
 14RDEK11    1    1  363
 14RDHY11    1    1  363
 14RFC411    1    1  363
 14RFC511    1    1  363
 14RGIC11    1    1  363
 14RGVG11    1    1  363
 14RH1X11    1    1  363
 14RH1Y11    1    1  363
 14RI4E11    1    1  363
 14RIFY11    1    1  363
 14RISL11    1    1  363
 14RISM11    1    1  363
 14RIT[11    1    1  363
 14RIZI11    1    1  363
 14RI][11    1    1  363
 14RJ I11    1    1  363
 14RJ3E11    1    1  363
 14RJ3G11    1    1  363
 14RJ3G31  100    1  363
 14RJ4U11  100    1 3376
 14RJ4Z11  100    1 3376
 14RJLJ11    1    1  363
 14RJLQ11    1    1  363
 14RJLT11    1    1  363
 14RJLU11    1    1  363
 14RJL[11    1    1  363
 14RJMA11    1    1  363
 14RJMB11    1    1  363
 14RJMC11    1    1  363
 14RJMD11    1    1  363
 14RJME11    1    1  363
 14RJMF11    1    1  363
 14RJMG11    1    1  363
 14RJMH11    1    1  363
 14RJMU11    1    1  363
 14RJMV11    1    1  363
 14RJMW11    1    1  363
 14RJMX11    1    1  363
 14RJMY11    1    1  363
 14RJMZ11    1    1  363
 14RJM[11    1    1  363
 14RJM]11    1    1  363
 14RJN011    1    1  363
 14RJN211    1    1  363
 14RJN311    1    1  363
 14RJN511    1    1  363
 14RJN711    1    1  363
 14RJN811    1    1  363
 14RJNK11    1    1  363
 14RJNL11    1    1  363
 14RJNM11    1    1  363
 14RJNN11    1    1  363
 14RJNO11    1    1  363
 14RJNP11    1    1  363
 14RJNQ11    1    1  363
 14RJNR11    1    1  363
 14RJOI11    1    1  363
 14RJOJ11    1    1  363
 14RJOM11    1    1  363
 14RJON11    1    1  363
 14RJOO11    1    1  363
 14RJR611    1    1  363
 14RJR711    1    1  363
 14RJR811    1    1  363
 14RJR911    1    1  363
 14RJRA11    1    1  363
 14RJRB11    1    1  363
 14RJT811    1    1  363
 14U 1411    1    1 3426
 14X 1O11    1    1 3161
 14X 1P11    1    1 3161
 14Z 1W21    1    1 4647
 150 2711  100    1 3376
 151 2 11  100    1 3376
 152 2C31  100    1 3376
 15C 4G11    1    1 2470
 15Z 9E11  100    1 3376
 15Z 9E31  100    1 3376
 168  N11    1    1 2475
 16Q GQ11    1    1 4075
 16VART11    1    1 1996
 16VARU11    1    1 1996
 16VC0N11    1    1 1996
 16VCI[11    1    1 1996
 175 L011  100    5 2694
 175ADZ11  100    6 3376
 17J PA11    1    1 2604
 17W SW11    1    1 2839
 17\ U 21    1    1 3235
 18C Y921    1    1  726
 18CARE21    1    1  726
 18CBG921    1    1  726
 18I Z211    1    1  992
 18IGLQ11    1    2  992
 18TADF21    1    1 2847
 18V \X11    1    1 3078
 18V \X21    1    1 3078
 18V \Y11    1    1 3078
 18V \Y21    1    1 3078
 18V \Z11    1    1 3078
 18V \Z21    1    1 3078
 18X ]611    1    1 2500
 18XDGD11    1    1 2500
 18[A0]11    1    1 2323
 18]A1721    4    1 1933
 18]I4L21    1    1 1933
 18]I4N21    1    1 1933
 18]I4O21    1    1 1933
 19JAJQ11  100    1 3376
 19JAJQ31  100    1 3376
 19JAJR11  100    1 3376
 19JAJR31  100    1 3376
 19NAA511    1    1 2528
 19NAA521    1    1 2528
 1FJA8\11    1    1 2319
 1GLEYJ21    1    1 4649
 1K[AME11    1    1 2857
 1K]AJE31  100    1 3376
 1K]AJF31  100    1 3376
 1K]AJH31  100    1 3376
 1K]AJJ31  100    1 3376
 1K]ATB11  100    1 3376
 1K]ATB21  100    1 3376
 1K]ATB31  100    1 3376
 1K]G9231  100    1 3376
 1K]G9431  100    1 3376
 1K]G9531  100    1 3376
 1K]G9631  100    1 3376
 1K]GOD31  100    1 3376
 1L2AJV11    1    1 3767
 1L2AJW11    1    1 3767
 1L2AJX11    1    1 3767
 1L2AJY11    1    1 3767
 1L2AJZ11    1    1 3767
 1L2AJ[11    1    1 3767
 1L2AJ\11    1    1 3767
 1L2AK011    1    1 3767
 1L2AK111    1    1 3767
 1L2AK211    1    1 3767
 1L6AKO11    1   10  824
 1L6GKP11    1    2  824
 1LBAOX11    1    1 2530
 1LBAPN11    1    1 2530
 1LLASB11    1    1 2517
 1LMASD11    1    1 3768
 1LYAUY11    1    1 2520
 1M2AWP31  100    1 3376
 1M9AY\21    1    1 2608
 1M9AZG21    1    1 2608
 1M9AZN21    1    1 2608
 1M9AZO21    1    1 2608
 1M9AZP21    1    1 2608
 1M9BCL21    1    1 2608
 1M9BPR21    1    1 2608
 1M9B]421    1    1 2608
 1M9CW321    1    1  726
 1M9F\G21    1    1 2608
 1MAA\V11    1    1 2534
 1MEA]P11    1    1 2524
 1MED6[11    1    1 2524
 1MYD5G11    1   13 2776
 1MYD5G21    4   13 2776
 1MYD5H11    1   13 2776
 1MYD5H21    4   13 2776
 1MYD5I11    1   13 2776
 1MYD5I21    4   13 2776
 1MYG2E21    4   13 2776
 1MYG3Y11    1   13 2776
 1MYG3Y21    4   13 2776
 1N1B8[11    1    1 2534
 1N2B9B11    1    1 2338
 1NDB M11  100    1 3376
 1NDB M31  100    1 3376
 1NXBG811    1    1 2539
 1N[BI811    1    1 2550
 1N[D4611    1    1 2550
 1N[D7411    1    1 2550
 1N]BII21    1    1 2535
 1O5BK211    1   42  121
 1O5BK221    1   42  121
 1O5H4M11    1   50  121
 1O5H4M21    1   50  121
 1O5HJN11    1   49  121
 1O5HJN21    1   49  121
 1O5HJO11    1   46  121
 1O5HJO21    1   46  121
 1O5HNP11    1   41  121
 1O5HNP21    1   41  121
 1O5HNQ11    1   48  121
 1O5HNQ21    1   48  121
 1O5HNR11    1   45  121
 1O5HNR21    1   45  121
 1O5HNT11    1   43  121
 1O5HNT21    1   43  121
 1O5I3N11    1   47  121
 1O5I3N21    1   47  121
 1O5ISE11    1   44  121
 1O5ISE21    1   44  121
 1O8BKQ11    1    1 2536
 1OHBMI21    1    9  976
 1OHJQR11    1    1  976
 1OKBNI11    1    1 2339
 1OKCJ 11    1    1 2339
 1OVBQS21    1    1 2545
 1OVBQT21    1    1 2545
 1O[BRR11    1   10 1776
 1P0BSV11    1    1 2543
 1P0BSW11    1    1 2543
 1P0BSW21    1    1 2543
 1P0CCF11    1    1 2543
 1P0GCD11    1    1 2543
 1P0JQ 11    1    1 2543
 1P0JQ 21    1    1 2543
 1P2BS[11  100    1 3376
 1P2BS[31  100    1 3376
 1P3BS\11    1    1  524
 1P6BUR11  100    1 3376
 1P6BUR21  100    1 3376
 1P6BUR31  100    1 3376
 1P6BUS11  100    1 3376
 1P6BUT11  100    1 3376
 1P6BUT31  100    1 3376
 1PBBV011    1    1 3281
 1PBBV111    1    1 3281
 1PHBWH11    1   13 2780
 1PJBW\11    1   10 2438
 1PRBYV11    1    1 2274
 1PTBZ811    1    1  949
 1PTBZ911    1    1  949
 1PYB[911    1    1 3652
 1P\C0Y21    1    1 2694
 1P\DF021    1    1 2694
 1P\DF031    1    1 2694
 1P\DF131    1    1 2694
 1P\HAO21    1    1 2694
 1P\HQ921    1    1 2694
 1P\JE]21    1    2 2694
 1P\JF021    1    3 2694
 1P\J[U21    1    1 2694
 1Q0B\I11    1    1 3606
 1Q0B\N11    1    1 3606
 1Q0GTZ11    1    1 3606
 1Q0I8[11    1    1 3606
 1Q0I8\11    1    1 3606
 1Q5B\R21    1    1 3761
 1Q5B\S21    1    1 3761
 1Q5B\T21    1    1 3761
 1Q5B\V21    1    1 3761
 1Q5B\W21    1    1 3761
 1Q5B\X21    1    1 3761
 1Q5B\Y21    1    1 3761
 1QAC0H11    1   10 3052
 1QRC3K11    1    1 2143
 1QRC3L11    1    1 2143
 1QRC3M11    1    1 2143
 1Q[C5 11    1    1  440
 1Q[C5A11    1    1  440
 1R3C6L11    1   13 3851
 1R3C6M11    1   13 3851
 1RCC8D11    1    1 3771
 1REC8O11    1    1  723
 1REC9 11    1    1  723
 1REC9A11    1    1  723
 1RIC9F21    1    1 3556
 1RNC N11    1    1 3927
 1RNIQ811    1    1 3927
 1RSCA 11    1    2 3853
 1R[CBB11    1    1 3385
 1S0CBI21    1    1  821
 1SECDQ11    1    1 4002
 1SGJOS21    1    1 3705
 1SJCEA11    1    1 4003
 1SKCEB11    1    1 4004
 1SMCEF11    1    1 4006
 1SPCF011    1    1 4007
 1SPCF111    1    1 4007
 1SPCF211    1    1 4007
 1SPCF311    1    1 4007
 1SQCF611    1    1 4008
 1SRCF811    1    1 4009
 1SSCFB11    1    1 3781
 1SUCG711    1    1 2475
 1SVCG 11    1    1   41
 1SVCG 21    1    1   41
 1SVCG911    1    1   41
 1SVCG921    1    1   41
 1T9CI411    1    1 3664
 1T9CI421    1    1 3664
 1TACI611    1    1 3665
 1TACI621    1    1 3665
 1TBCI811    1    1 3666
 1TBCI821    1    1 3666
 1TCCI911    1    1 3667
 1TCCI921    1    1 3667
 1TDCI 11    1    1 3668
 1TDCI 21    1    1 3668
 1TECIA11    1    1 3669
 1TECIA21    1    1 3669
 1TFDC211  100    1 3376
 1TFDC231  100    1 3376
 1TLCJK11    4   23 4012
 1TOCJO11    1    1 4013
 1TOCKA11    1    4 4013
 1TOCKB11    1    5 4013
 1TOCKD11    1    6 4013
 1TOCL411    1   10 4013
 1TOCL421    1    2 4013
 1TOCL611    1    8 4013
 1TOCL621    1    2 4013
 1TOCL711    1    9 4013
 1TOCM911    1    7 4013
 1TOCN911    1    2 4013
 1TOCN921    1    2 4013
 1TOCNK11    1    3 4013
 1TOCSY11    1   13 4013
 1TOCSZ11    1   14 4013
 1TOCX111    1   15 4013
 1TOCX311    1   16 4013
 1TOCX511    1   17 4013
 1TOCXA11    1   18 4013
 1TOCXB11    1   19 4013
 1TOCXC11    1   20 4013
 1TOCXD11    1   21 4013
 1TOCXE11    1   22 4013
 1TOCXF11    1   23 4013
 1TOCXG11    1   24 4013
 1TOCXH11    1   31 4013
 1TOCXI11    1   26 4013
 1TOCXJ11    1   27 4013
 1TOD0R11    1   28 4013
 1TOD0S11    1   29 4013
 1TOD0T11    1   30 4013
 1TOD3I11    1   32 4013
 1TOD3J11    1   33 4013
 1TOD3K11    1   34 4013
 1TOD3L11    1   35 4013
 1TOD3M11    1   36 4013
 1TOD3N11    1   37 4013
 1TOD3O11    1   38 4013
 1TOD5J11    1   39 4013
 1TOD5L11    1   40 4013
 1TOD8311    1   42 4013
 1TOD9R11    1   41 4013
 1TODD611    1   43 4013
 1TODD711    1   44 4013
 1TODD811    1   45 4013
 1TODD911    1   46 4013
 1TODDA11    1   47 4013
 1TODFY11    1   48 4013
 1TODFZ11    1   49 4013
 1TODF[11    1   50 4013
 1TOFAX11    1   51 4013
 1TOFAY11    1   52 4013
 1TOFAZ11    1   53 4013
 1TOFA[11    1   54 4013
 1TOFB311    1   55 4013
 1TOFHO11    1   56 4013
 1TOG7Y11    1   57 4013
 1TOGF 11    1   58 4013
 1TOGI311    1   59 4013
 1TOGIY11    1   60 4013
 1TOGJG11    1   61 4013
 1TOITT11    1   63 4013
 1TOJKC11    1   64 4013
 1TRCK211    1   10 4016
 1TSCK 11    1    2 3244
 1TSCK411    1    1 3244
 1TSCK511    1    2 3244
 1TSCK611    1    2 3244
 1TSCK711    1    2 3244
 1TSCK811    1    2 3244
 1TSCK911    1    2 3244
 1TSCL]11    1    2 3244
 1TSJ1H11    1    1 3244
 1TSJ1I11    1    1 3244
 1TSJ1J11    1    1 3244
 1TZCLN11    1    1 4017
 1T[CLR11    1    1 3708
 1T[HP521    1    1 3708
 1U1CM811    1    1 3615
 1U3CML11    1    1 4020
 1U3CML21    1    1 4020
 1U3IAE11    1    1 4020
 1UTCS611    1    1 4027
 1UUCSK21    1    1 3715
 1UWCSV11    1    1 4028
 1UWH \11    1    1 4028
 1U[CT[11    1    2 1578
 1U[CT\11    1    2 1578
 1U[CT]11    1    2 1578
 1U[CU011    1    2 1578
 1U[CU111    1    2 1578
 1V0CU[11    1    1 2024
 1V3CV 11    1    1 4030
 1V3CV611    1    1 4030
 1V6CVJ11    1    1 4032
 1V7CVX11    1    1 4033
 1V9D0M11    1    1 2659
 1VBCWS11    1    1 4034
 1VGCXX11    1    1 1966
 1VGDDR11    1    1 1966
 1VJCZ 11    1    1 4045
 1VJCZ411    1    1 4045
 1VJCZ511    1    1 4045
 1VJCZ711    1    1 4045
 1VJCZE11    1    1 4045
 1VJCZF11    1    1 4045
 1VKCZ611    1    1 4048
 1VKCZ911    1    1 4048
 1VNC[J11    1    1 4049
 1VPCZL11    1    1 4047
 1VXC\911    1   23 3905
 1VXC\921    1   23 3905
 1V\C]I11    1   23  239
 1V]C]J11    4   23  277
 1V]J4P11    1   23  277
 1V]J4Q11    1   23  277
 1V]J4R11    1   23  277
 1V]J4V11    1   23  277
 1V]J4W11    1   23  277
 1W D0P11    1    1 3797
 1WCD2 21    1    1 3936
 1WFD2H21    1   33 3119
 1WHD2Y11    1    1 4037
 1WID2Z11    1    1 4038
 1WJD2[11    1    1 4039
 1WKD2\11    1    1 4040
 1WLD2]11    1    1 4041
 1WMD3011    1    1 4042
 1WND3111    1    1 4044
 1WRD3F11    1    1 4057
 1WSD3G11    1    1  119
 1WSD3H11    1    1  119
 1W\D4X11    1    1 4061
 1W\D4Y11    1    1 4061
 1W\D4Z11    1    1 4061
 1X1D5311    1    1 3720
 1X3D5521    1    1 3801
 1XED6W11    1    1 2508
 1XLD8C11    1    1 4065
 1XRD8[11    1    1 4066
 1XXD9H11    1    1 4067
 1XXD9H21    1    1 4067
 1XXG0K21    1    2 4067
 1X\D 811    1    3 2962
 1X\D A11    1    3 2962
 1X]D 711    1    1 4069
 1Y2DA711    1   23 3906
 1Y2DA721    1   23 3906
 1Y2HF[21    1   23 3906
 1Y8DBA11    1    1 4043
 1Y8DBB11    1    1 4043
 1YBDCF11    1    1 3216
 1YHDD\21    1   12 3674
 1YKDF]11    1    1 2109
 1YKDF]21    1    2 2109
 1YPDGX11    1    1 4078
 1YQDG]11    1    1 4031
 1YSDH511    1   10 3811
 1YSFHN11    1    9 3811
 1YVDH[21    1    7   24
 1YVDH\21    1    1   24
 1YVDH]21    1    5   24
 1YVFJ821    1    6   24
 1YVGNS21    1    4   24
 1YXDI911    1    1 2286
 1Z7FC 11    1    1 3829
 1ZHFFU11    1   10 4089
 1ZIFHT11    1    1   72
 1ZIFHX11    1    1   72
 1ZIGJM11    1    1   72
 1ZIGNF11    1    1   72
 1ZIGSV11    1    1   72
 1ZIIPY11    1    1   72
 1ZIJ1K11    1    2   72
 1ZIJ1K21    1    1   72
 1ZOFGY11    4   23 5132
 1ZOJVI11    1   23 5190
 1ZZFIQ21    1    1 4101
 1ZZFIR21    1    1 4101
 1Z\G T21    1    1 4102
 1[2FJJ11    1    1 4104
 1[6FJU11    1    1 4107
 1[LGFG21  100    1 3376
 1[LGFG31  100    1 3376
 1[LGFH31  100    1 3376
 1[OIN[21    1    1 4132
 1\5FQ\11    1    1 3961
 1\5H4811    1    1 3961
 1\EFT]21  100    1 5033
 1\FFU021    1    1 3968
 1]4FY 11    1    1 4135
 1]4FY811    1    1 4135
 1]OHK411    1    1 3990
 1]XF]C11    1    1 4117
 1]YG0011    1    1 4118
 1]ZG0111    1   13 4120
 1]ZG0211    1   13 4120
 1]ZGBG11    1   13 4120
 1]ZGBH11    1   13 4120
 1]ZGBI11    1   13 4120
 1]\G0A21    1    1 4123
 2 4H]F11    1    1 4787
 2 4H]G11    1    1 4787
 2 AI1221    1    1 4789
 2 GI3U11    1    1 4794
 2 GI3U21    1    1 4794
 2 GJ0911    1    1 4794
 2 GJXL11    1    1 4794
 2 HI R11    1    1 4795
 2 HI3V11    1    1 4795
 2 HI3V31    1    1 4795
 2 HI6W11    1    1 4795
 2 HI6W31    1    1 4795
 2 HIP\11    1    3 4795
 2 HIP]11    1    4 4795
 2 HITI11    1    6 4795
 2 HJ1W11    1    1 4795
 2 HJ5K11    1    7 4795
 2 HJJP11    1    9 4795
 2 JI4611    1    1 4793
 2 JI5F11    1    1 4793
 2 JI5G11    1    1 4793
 2 LI4Q21    1    1 4798
 2 PI5J11    1    1 4799
 2 SI6511    1    5   96
 2 UI6J11    1    1 4801
 20 G2J11    1    1 4184
 202G0O21    1    1 4125
 20AG2Q11    1    1 1548
 20DG2]11    1    1 4077
 20HG3I11    1    1 4193
 20LG4I11    1    1 4200
 20LGLE11    1    1 4200
 20LGLF11    1    1 4200
 20LGLG11    1    1 4200
 20LGLH11    1    1 4200
 20LGLI11    1    1 4200
 20LGLJ11    1    1 4200
 20LGLK11    1    1 4200
 20LGLL11    1    1 4200
 20LGLM11    1    1 4200
 20LGO711    1    1 4200
 20LGO811    1    1 4200
 20LGO911    1    1 4200
 20LH6V11    1    1 4200
 20LH6W11    1    1 4200
 20LH6X11    1    1 4200
 20LH6Y11    1    1 4200
 20LH6Z11    1    1 4200
 20LH6[11    1    1 4200
 20QG5411    1   10 4204
 210G6Z11    1    1 4211
 210G6[11    1    1 4211
 214G7L21    1    1 4213
 216G7X11    1    1 4216
 216G7X21    1    1 4216
 218G8711    1    1 4218
 218JEL11    1    1 4218
 219G8 11    1    1 4219
 219G8811    1    1 4219
 219G8911    1    1 4219
 219G8A11    1    1 4219
 219JQO11    1    1 4219
 21CG8[31  100    1 3376
 21CGWS21  100    1 3376
 21CGWS31  100    1 3376
 21IGA411    1    1 4227
 21KGAP21    1    1 4229
 21KGAU21    1    1 4229
 21KGAW21    1    1 4229
 21KJ1421    1    1 4229
 21KJG621    1    1 4229
 21NGB511    1    1 4232
 21NGB521    1    1 4232
 21TGBY11    1    1 2061
 21WGCI11    1    1 4242
 21WGCJ11    1    1 4242
 21WGCK11    1    1 4242
 21XGD511    1    1 4243
 21YGD811    1    1   84
 21ZGDK11    1    1 4244
 21]GF911    1   13 4247
 21]HKG11    1   13 4247
 221GFQ21    1    1  592
 225GG311    1    1 4252
 225GG321    1    1 4252
 225GG411    1    1 4252
 225GG421    1    1 4252
 225GG511    1    1 4252
 225GG521    1    1 4252
 225GG611    1    1 4252
 225GG621    1    1 4252
 225GG711    1    1 4252
 225GG721    1    1 4252
 225GG811    1    1 4252
 225GG821    1    1 4252
 22BGH611    1   10 4258
 22EGHO11    1    1 4261
 22LGIH11    4    1 4269
 22NGIX11    1    1 4272
 22QGJH11    1    1 4275
 22RGOI21    1    1 4276
 22TGKJ11    1    1 4278
 230GM011    1    1 4287
 230GML11    1    1 4287
 233GMK21    1    1 4291
 239GMZ11    1   90 4297
 23EGOH11    1    1 1902
 23GGOQ11    1    1 3020
 23GGOS11    1    1 3020
 23GJXW11    1    1 3020
 23GJ[R11    1    1 3020
 23JGP421    4    1 4306
 23KGP711    1    1 4307
 23OGPI11    1    1 4311
 23QGQK31  100    1 3376
 23TGRW11    1    5 2467
 23VGS911    1    1 4318
 23VGS921    1    1 4318
 23VJC\21    1    2 4318
 243GTE21    1    1 4324
 243GTF21    1    1 4324
 243GTN21    1    1 4324
 243GTP21    1    1 4324
 243GTT21    1    1 4324
 243J\N21    1   65 4324
 246GU311    1    1 4328
 24KGVP11    1    1 4638
 24KJ6J11    1    1 4638
 24MGVX11    1    1 4642
 24RGX221    1    1 4645
 24RGX321    1    1 4645
 24RGX421    1    1 4645
 24RGX521    1    1 4645
 24RJ]321    1    1 4645
 24XGXK21    1    1 4648
 24XH1P21    1    1 4648
 24XJ[W11    1    1 4648
 24ZGYS31  100    1 3376
 258H0421    1   13 4653
 25AH0E21    1    1 4657
 25HH1A21    4    1 4663
 25HI3W21    4    2 4663
 25JH1C11    1    1 4640
 25LH1N21    1    1 4667
 25NH1\21    1   13 4671
 25SH4O21    1    1 4229
 260H5321    1    1 2671
 260JEP21    1    2 2671
 260JER21    1    3 2671
 260K0J21    1    4 2671
 260K0K21    1    5 2671
 264IP721    1    1 4682
 269H6Q21    1    1 4686
 26AH6T21    1    1 2034
 26BIYA21    1    2 2109
 26CIP821    1    1 4682
 26FH7]11    1    1 4691
 26HH8M21    1    1 4693
 26QI8B21    1    1 4699
 26SH [21    1    1 4332
 26WHAD11    1    1 4703
 27 HDO21    1    1 4718
 27 HPU11    1    1 4718
 27 HPU21    1    1 4718
 27 HPV11    1    1 4718
 27 HPV21    1    1 4718
 27 HQT21    1    1 4718
 27 JF\11    1    1 4718
 27 JF\21    1    1 4718
 27 JI\11    1    1 4718
 27 JXA21    1    1 4718
 278HDG21    1    1 4716
 27BHDT11    1    1  499
 27CHDV11  100    1 3376
 27EHE921    1    1 4720
 27MHFN11    1    1 3708
 27RI7 11    1    1 4731
 27UHHP11    1   23 4735
 27WHHX21    1    1 2656
 27XHHY11    1    1 3057
 27XJIT11    1    1 3057
 27XJIW11    1    1 3057
 27ZHID21    1    1 4737
 27ZHI\21    1    1 4737
 27ZHI]21    1    1 4737
 27ZHJ021    1    1 4737
 27[HIE21    1    1 4738
 27\HIF11    1    1  772
 27\I[011    1    1 3216
 27]HIL21    1    1 4739
 27]J1U21    1    1 4739
 285HJK21    1    1 4744
 285JSD21    1    2 4744
 286HJT21    1    1 4745
 287HJY21    1    1 4741
 28HHM]11    1    1 4753
 28NHOJ21    1    2 4756
 28PHPD31  100    1 3376
 28PHPE31  100    1 3376
 28PHPF31  100    1 3376
 28RHPM21    1    1   29
 28YHQN21    1    1 4766
 28YIPM21    1    1 4766
 28YJ]521    1    1 4766
 28ZHQO11    1   54 4768
 28[HQR11    1    1 3783
 28[HQR21    1    1 3783
 28[HQS21    1    1 3783
 2A0I6X11    1    1 3607
 2A1I6Z21    1    1 4803
 2ABI8G11    1    1 4912
 2ABI8G21    1    1 4912
 2ABIVX11    1    1 4912
 2ABIVX21    1    1 4912
 2ABIVY11    1    1 4912
 2ABIVY21    1    1 4912
 2AEI9221    1    1 4916
 2AEI9321    1    1 4916
 2AEJK 21    1    1 4916
 2AEJK621    1    1 4916
 2AEJK721    1    1 4916
 2AEJK821    1    1 4916
 2AEJK921    1    1 4916
 2AEJKA21    1    1 4916
 2AEJKB21    1    1 4916
 2AEJMR21    1    1 4916
 2AGI9T11    1    1  911
 2ALI B21    1    3 2778
 2ALIVK21    1    5 2778
 2ALJ7221    1    4 2778
 2ALJJ721    1    6 2778
 2ALJPS21    1    7 2778
 2ALK1121    1    9 2778
 2ANI H21    1    1 4923
 2ANJ]221    1    1 4923
 2AOI P11    1    1 1933
 2ARIAD11    1   13 4927
 2AVICC11    1    1 4930
 2A]IFQ11    1    1 4934
 2A]IFR11    1    2 4934
 2B1IFU21    1    1 4937
 2BFING11    1    1 4944
 2BGINP11    1   13 4946
 2BHINV21    1    1 4269
 2BHJ2H21    1    1 4269
 2BHJAL21    1    1 4269
 2BHJAW21    1    1 4269
 2BHJAX21    1    1 4269
 2BHJAY21    1    1 4269
 2BHJAZ21    1    1 4269
 2BHJA[21    1    1 4269
 2BHJA\21    1    1 4269
 2BPIPO11    1    1 4962
 2BQIPT31    1    1  291
 2BRIQO11    1    1 4290
 2BSIQQ21    1    1 4964
 2BUIQZ31    1    1 4965
 2BXIRU11    1    1 4967
 2C1ISS11    1    1 4972
 2C2IT221    1    1 4973
 2C7IU631  100    1 3376
 2C7IU731  100    1 3376
 2C7IU831  100    1 3376
 2CAIV021    1    1 4981
 2CAIV121    1    1 4981
 2CAIV221    1    1 4981
 2CAIV321    1    1 4981
 2CAIVH21    1    1 4981
 2CCIVP11    1    1 4974
 2CCI]R11    1    1 4974
 2CCI]S11    1    1 4974
 2CCI]T11    1    1 4974
 2CFIX 21    1    1 4984
 2CGIWA21    1    1 4985
 2CKIWH11    1    1 4987
 2CKIWH21    1    1 4987
 2CLIWU21    1    1 4988
 2CLIWV21    1    1 4988
 2CLIWW21    1    1 4988
 2CNIX411    1    1 4990
 2CPIXH21    1    1 4992
 2CPIXI21    1    1 4992
 2CPIXL21    1    1 4992
 2CQIXO11    1    1 4993
 2CQJ Y11    1    1 4993
 2CQJJ411    1    1 4993
 2CTIXR21    1    1 4994
 2CVIYD11  100    1 3376
 2CVIYD21  100    1 3376
 2CVIYE11  100    1 3376
 2CVIYE21  100    1 3376
 2CVIYF11  100    1 3376
 2CVIYF21  100    1 3376
 2CVIYG11  100    1 3376
 2CVIYG21  100    1 3376
 2CVIYH11  100    1 3376
 2CVIYH21  100    1 3376
 2CVIYI11  100    1 3376
 2CVIYI21  100    1 3376
 2CXIZ011    1    1 4972
 2CYIZ121    1    1 4996
 2C[IZD21    1    5  107
 2C[JV621    1    6  107
 2C\IZF11    1    1 3753
 2D I\X21    1    1 5004
 2D3IZZ21    1    1 5001
 2D5I[821    1    1 5004
 2D5J1F21    1    1 5004
 2D7I[N21    1    1 5004
 2DBI\Z21    1    1 5004
 2DCI\[21    1    1 5004
 2DDI\\21    1    1 5004
 2DEI\]21    1    1 5004
 2DFI]021    1    1 5004
 2DHI]321    1    1 5004
 2DII]421    1    1 5004
 2DJI]521    1    1 5004
 2DKI]621    1    1 5004
 2DLI]721    1    1 5004
 2DMI]821    1    1 5004
 2DOI] 21    1    1 5004
 2DPI]A21    1    1 5004
 2DQI]B21    1    1 5004
 2DRI]C21    1    1 5004
 2DWJ0E31  100    1 3376
 2DXJ0H31  100    1 3376
 2E3J 121    1    1 5023
 2E3J2221    1    1 5023
 2E3J2321    1    1 5023
 2E3JPU21    1    1 5023
 2E4J2521    1    1 5025
 2E4J2621    1    1 5025
 2E4J2721    1    1 5025
 2E4J2821    1    1 5025
 2E4J2921    1    1 5025
 2EGJ4J21  100    1 5033
 2EHJ4O11    1    1 5042
 2EHJ4O21    1    1 5042
 2EMJ5731  100    1 3376
 2ENJ5831  100    1 3376
 2EOJ5G21    1    1 5046
 2EQJ5O21    1   23 3088
 2ERJ5Y21    1    1 5047
 2ESJ5\21    1   23 2162
 2EUJ6421    1    1 5048
 2EYJ[811    1    1 5051
 2F0J7R21    1    1 5092
 2F2J8121    1    1 5093
 2F9J 811    1   54 5096
 2FBJ S11    1   13 5099
 2FBJ S21    1   13 5099
 2FBJ T11    1   13 5099
 2FBJ T21    1   13 5099
 2FBJQW11    1   13 5099
 2FBJQW21    1   13 5099
 2FCJ U21    1   13 5100
 2FGJA 11  100    1 3376
 2FGJA 21  100    1 3376
 2FGJA 31  100    1 3376
 2FGJAA21  100    1 3376
 2FGJAA31  100    1 3376
 2FGJAB31  100    1 3376
 2FKJAU21    1    1 5103
 2FLJAV11    1    1 5104
 2FOJB321    1    1 5108
 2FVJBO11    1   23 5110
 2G3JD[11    1    1 5119
 2G3JD[20    1    1 5119
 2G3JD]11    1    1 5119
 2G3JD]20    1    1 5119
 2G3JE011    1    1 5119
 2G3JE020    1    1 5119
 2G3JE211    1    1 5119
 2G3JE220    1    1 5119
 2G3JE411    1    1 5119
 2G3JE420    1    1 5119
 2G3JE511    1    1 5119
 2G3JE520    1    1 5119
 2G3JGT11    1    1 5119
 2G3JGT20    1    1 5119
 2G3JH511    1    1 5119
 2G3JH520    1    1 5119
 2G3JH611    1    1 5119
 2G3JH621    1    1 5119
 2G3JHA11    1    1 5119
 2G3JHA20    1    1 5119
 2G3JHD11    1    1 5119
 2G3JHD20    1    1 5119
 2G4JE 21    1    1 5120
 2G4JE921    1    1 5120
 2G7JEG21    1    1 5122
 2GBJEQ21    1    1 5126
 2GBJES21    1    1 5126
 2GDJEU21    1    1 2475
 2GEJEV21    1    2  899
 2GRJG321    1    1   73
 2GRJV321    1    5   73
 2GRJV421    1    5   73
 2GRJV521    1    5   73
 2GWJG 11    1   12 5133
 2GWJG 21    1   12 5133
 2GXJGA21    1   13 5135
 2G[JGJ11    1    2 3052
 2H1JH021    1   15 5134
 2H9JIR21    1    1 5145
 2HAJIV11    1   54 5147
 2HEJJ021    1    1 5150
 2HLJJH11    1    1 5155
 2HMJJL11    1    1 5156
 2HNJJU21    1    1 5157
 2HNJJV21    1    1 5157
 2HNJJW21    1    1 5157
 2HQJKD21    1    1 5161
 2HRJKE21    1    1 5162
 2HSJKF11    1    1 5163
 2HSJKF21    1    1 5163
 2HYJL721    1    1 5167
 2HYJL821    1    1 5167
 2HYJMN21    1    1 5167
 2I JOC11    1   54 2550
 2I0JML21    1    1 5172
 2I0JO521    1    2 5172
 2I0JO621    1    3 5172
 2I0JO721    1    4 5172
 2I0JO821    1    5 5172
 2I0JO921    1    6 5172
 2I1JMM11    1    1 5174
 2I1JMM21    1    1 5174
 2I2JMT11    1    1 5175
 2I3JN411    1    1 5176
 2I3JN611    1    1 5176
 2I6JNE21    1    1 5177
 2I6JNF21    1    1 5177
 2I8JNZ11    1    1 5179
 2I8JNZ21    1    1 5179
 2IAJOK21    1    1 5181
 2IEJQ821    1    1 5185
 2IGJT[11    1    1 5188
 2IGJU411    1    1 5188
 2IIJQC11    1   23 5190
 2IJJQD11    1    1 5189
 2IJJQD21    1    1 5189
 2INJR011    1    1 5193
 2INJRI11    1    1 5193
 2IOJR121    1    1 5194
 2IPJR221    1    1 5195
 2IRJRC21    1    1 5197
 2IUJRV21    1    1 5201
 2IYJTY11    1    1 5205
 2J0JVE21    1    1 5211
 2J1JVF21    1    1 5212
 2J2JVH11    1    1 5213
 2J3JWA21    1    1 5214
 2J3JWB21    1    1 5214
 2J3JYY21    1    1 5214
 2J4JVK21    1    1 5215
 2J6JVU11    1    1 5217
 2J7JWC21    1    1 5219
 2J7JWD21    1    1 5219
 2JHJX721    1    1 5226
 2JOJXT21    1    1 5233
 2JOJ[K21    1    1 5233
 2JOJ[V21    1    1 5233
 2JOJ[X21    1    1 5233
 2JOJ[Y21    1    1 5233
 2JQJY011    1    1 5234
 2JRJY511    1    1 5235
 2JSJYH21    1    1 5236
 2JTJYR11    1    1 5237
 2JTJYR21    1    1 5237
 2JTJYS11    1    1 5237
 2JTJYS21    1    1 5237
 2JTJYT11    1    1 5237
 2JTJYT21    1    1 5237
 2JTJYU11    1    1 5237
 2JTJYU21    1    1 5237
 2JUJYV21    1    1 4795
 2JVJY[11    1   23 2816
 2JYJZ621    1    1 5241
 2JYJZ821    1    1 5241
 2JZJZ711    1    1 4007
 2JZJZ911    1    1 4007
 2J[JZD11    1    1 5242
 2K J[O21    1    1 5252
 2K3J[511    1   23 5248
 2K4J[611    1   23 5249
 2K8J[H21    1    1 5250
 2K9J[L21    1    1 5251
 2K9J[M21    1    1 5251
 2KAJ[Z21    1    1  367
 2KCJ[\21    1    1 5254
 2KFJ\121    1    1 5258
 2KGJ\221    1    1 5259
 2KHJ\A11    1    1 5260
 2KIJ\B11    1   54 5261
 2KJJ\C11    1    1 5262
 2KSJ]L21    1    1 5275
 2KUJ]T11    1    1 5279
 2KWJ]Y11    1    1 5280
 2KZK0Q11    1    1 5285
 2KZK0R11    1    1 5285
 2K\K0[21    1    1 5286
 ZZZZZZ11111111111111111
'35Gl