
IH00A.510  5-30-73.2317  (B)  [1730-17-1704]

 4              1974           9
 501            1100501
 0
 0
 0
 0
 0
 0
 0
 5900
 0
 0
 0
 0
 0
 0
 0
 0
 0
 0
 5900
 0
 0
 0
 0
 0
 0
 0
 0
 0
 0
 5900
 0
 0
 0
 0
 0
 0
 0
 0
 0
 0
 5900
 0
 0
 0
 502            1100502
 0
 0
 0
 0
 0
 0
 0
 300
 0
 0
 0
 0
 0
 0
 0
 0
 0
 0
 300
 0
 0
 0
 0
 0
 0
 0
 0
 0
 0
 300
 0
 0
 0
 0
 0
 0
 0
 0
 0
 0
 300
 0
 0
 0
 503            1100503
 0
 0
 0
 0
 0
 0
 0
 400
 0
 0
 0
 0
 0
 0
 0
 0
 0
 0
 400
 0
 0
 0
 0
 0
 0
 0
 0
 0
 0
 400
 0
 0
 0
 0
 0
 0
 0
 0
 0
 0
 400
 0
 0
 0
 504            1100504
 0
 0
 0
 0
 0
 0
 0
 6300
 0
 0
 0
 0
 0
 0
 0
 0
 0
 0
 6300
 0
 0
 0
 0
 0
 0
 0
 0
 0
 0
 6300
 0
 0
 0
 0
 0
 0
 0
 0
 0
 0
 6300
 0
 0
 0
 505            1100505
 0
 0
 0
 0
 0
 0
 0
 6800
 0
 0
 0
 0
 0
 0
 0
 0
 0
 0
 6800
 0
 0
 0
 0
 0
 0
 0
 0
 0
 0
 6800
 0
 0
 0
 0
 0
 0
 0
 0
 0
 0
 6800
 0
 0
 0
 506            1100506
 1734.12
 8431.18
 5880.94
 979.138
 24.453
 669.4
 3257.34
 6100
 0
 0
 0
 1461.07
 13195.4
 7764.84
 1346.95
 49.9248
 751.929
 4178.4
 6100
 0
 5
 1
 1726.99
 10327.3
 5862.6
 1010.72
 32.604
 628.645
 3219.64
 6100
 0
 3
 0
 2148.81
 15626.5
 9570.29
 1647.52
 50.9437
 1020.91
 5217.65
 6100
 0
 5
 0
 507            1100507
 657.88
 2579.37
 2824.07
 678.94
 10.0287
 285.817
 1385.96
 6300
 0
 0
 0
 623.782
 4761.6
 2343.7
 623.782
 16.0458
 317.908
 1306.73
 6300
 0
 2
 0
 681.948
 5978.08
 4294.27
 1164.33
 28.0802
 466.332
 2281.52
 6300
 0
 1
 0
 657.88
 5338.25
 3529.08
 921.633
 20.0573
 405.158
 1868.34
 6300
 1
 2
 0
 508            1100508
 60
 210
 255
 0
 0
 0
 270
 500
 0
 1
 0
 60
 190
 150
 0
 0
 0
 195
 500
 0
 1
 0
 0
 50
 0
 0
 0
 0
 0
 500
 0
 1
 0
 0
 0
 0
 0
 0
 0
 0
 500
 0
 0
 0
 509            1100509
 629.657
 3139.29
 1506.18
 308.832
 10.994
 229.875
 1055.42
 5500
 0
 0
 0
 699.618
 5852.81
 3008.36
 588.679
 17.9902
 450.754
 2084.86
 5500
 0
 2
 0
 707.614
 6107.67
 2618.57
 541.705
 22.9875
 468.744
 1900.96
 5500
 0
 2
 1
 637.652
 3406.14
 1562.15
 319.826
 11.9935
 230.874
 1085.41
 5500
 0
 1
 0
