
IH00E.410  5-30-73.2317  (B)  [1730-17-1704]

 6              1974           4
 401            1100401
 196.252
 0
 63.6492
 0
 0
 3404.17
 15.9123
 750
 0
 7
 2
 267.327
 0
 82.744
 0
 0
 4130.83
 19.0948
 750
 0
 2
 4
 267.327
 0
 82.744
 0
 0
 4130.83
 19.0948
 750
 0
 2
 4
 472.065
 0
 143.211
 0
 0
 6922.91
 31.8246
 750
 0
 2
 4
 402            1100402
 40
 0
 0
 0
 0
 456
 4
 500
 0
 0
 1
 64
 0
 0
 0
 0
 729.6
 6.4
 400
 0
 0
 2
 64
 0
 0
 0
 0
 729.6
 6.4
 400
 0
 0
 2
 64
 0
 0
 0
 0
 729.6
 6.4
 400
 0
 0
 2
 403            1100403
 0
 0
 0
 0
 0
 0
 0
 600
 0
 0
 0
 0
 0
 0
 0
 0
 0
 0
 600
 0
 0
 0
 0
 0
 0
 0
 0
 0
 0
 600
 0
 0
 0
 0
 0
 0
 0
 0
 0
 0
 600
 0
 0
 0
 404            1100404
 0
 0
 0
 0
 0
 0
 0
 750
 0
 0
 0
 42
 0
 13
 0
 0
 691
 4
 750
 0
 0
 1
 42
 0
 13
 0
 0
 691
 4
 750
 0
 0
 1
 0
 0
 0
 0
 0
 0
 0
 750
 0
 0
 0
