
IH00E.220  5-30-73.2320  (B)  [1730-17-1704]

 3              1975           9
 201            1100201
 0
 0
 0
 0
 0
 0
 0
 750
 0
 0
 0
 0
 0
 0
 0
 0
 0
 0
 750
 0
 0
 0
 0
 0
 0
 0
 0
 0
 0
 750
 0
 0
 0
 0
 0
 0
 0
 0
 0
 0
 750
 0
 0
 0
 202            1100202
 22
 0
 4
 0
 0
 909
 2
 700
 0
 1
 1
 0
 0
 0
 0
 0
 0
 0
 700
 0
 0
 0
 0
 0
 0
 0
 0
 0
 0
 700
 0
 0
 0
 0
 0
 0
 0
 0
 0
 0
 700
 0
 0
 0
 203            1100203
 0
 0
 0
 0
 0
 0
 0
 600
 0
 0
 0
 0
 0
 0
 0
 0
 0
 0
 600
 0
 0
 0
 0
 0
 0
 0
 0
 0
 0
 600
 0
 0
 0
 0
 0
 0
 0
 0
 0
 0
 600
 0
 0
 0
 204            1100204
 107.692
 0
 29.9145
 0
 0
 4062.39
 0
 700
 0
 2
 4
 3.9886
 0
 0
 0
 0
 453.704
 0
 700
 0
 2
 0
 0
 0
 0
 0
 0
 0
 0
 700
 0
 0
 0
 0
 0
 0
 0
 0
 0
 0
 700
 0
 0
 0
 205            1100205
 111
 0
 5
 0
 0
 1500
 0
 350
 0
 0
 4
 4
 0
 0
 0
 0
 130
 0
 350
 0
 1
 0
 0
 0
 0
 0
 0
 0
 0
 350
 0
 0
 0
 0
 0
 0
 0
 0
 0
 0
 350
 0
 0
 0
 206            1100206
 207.331
 0
 17.9421
 0
 0
 2489.97
 8.97106
 310
 0
 0
 7
 11.9614
 0
 1.99357
 0
 0
 360.836
 0.996785
 310
 0
 3
 0
 0
 0
 0
 0
 0
 0
 0
 310
 0
 0
 0
 0
 0
 0
 0
 0
 0
 0
 310
 0
 0
 0
 207            1100207
 0
 0
 0
 0
 0
 0
 0
 270
 0
 0
 0
 0
 0
 0
 0
 0
 0
 0
 270
 0
 0
 0
 0
 0
 0
 0
 0
 0
 0
 270
 0
 0
 0
 0
 0
 0
 0
 0
 0
 0
 270
 0
 0
 0
 208            1100208
 148
 0
 24
 0
 0
 2244
 0
 400
 0
 4
 3
 17
 0
 0
 0
 0
 526
 0
 400
 0
 3
 0
 0
 0
 0
 0
 0
 0
 0
 400
 0
 0
 0
 0
 0
 0
 0
 0
 0
 0
 400
 0
 0
 0
 209            1100209
 280
 0
 0
 0
 0
 3486
 14
 270
 0
 5
 9
 23
 0
 0
 0
 0
 456
 1
 270
 0
 5
 0
 0
 0
 0
 0
 0
 0
 0
 270
 0
 0
 0
 0
 0
 0
 0
 0
 0
 0
 270
 0
 0
 0
