.0481,29,21,21,23,33,29,27,30,29
20,30,30,29,30,32,28
-120,13,19,18,18,17,18,21,22,15
114,19,22,19,19,24,22
.0058,2,3,3,3,3,3,3,3,2
15,4,3,4,4,4,5
0,0,0,0,0,0,0,0,0,0
0,0,0,0,0,0,0
0,0,16308,42676,58760,120053,433066,127270,170667,8100
9966,27223,59775,97752,55208,40589,64377
0,0,200,500,1470,3308,8086,2205,4411,500
8,.08,.1,.1,.09,.09,.11
-8,-16,-36,-102,-262,-275,-1046,-317,-439,-41
-30,-465,-729,-1102,-1078,-471,-571
0,0,0,855,133,0,21893,1844,16,0
0,121787,85514,84346,421768,14543,48268
0,0,0,774,101,0,4646,58,0,0
0,6,1755,1586,0,124759,731
0,0,0,700,200,0,1300,2000,1100,0
0,700,129300,166600,0,28100,67600
0,7300,0,2000,59844,1630,6957,10512,25003,2852
0,21078,54415,25834,11994,7763,64818
0,0,0,0,0,225,125,0,0,0
0,12125,1925,2475,2900,0,5225
0,0,0,0,0,0,0,0,0,8836
0,0,0,34658,0,0,506
0,0,0,0,0,0,0,0,0,0
0,0,0,0,0,0,0
0,0,0,0,0,0,0,0,0,0
0,2331,1176,224,2331,469,469
0,0,0,0,0,0,0,0,0,0
0,28000,0,12000,0,0,0
0,0,0,0,10000,0,0,0,0,0
0,0,365,80000,0,0,9635
