  0.0000000      0.0000000      0.0000000      0.0000000    
  0.0000000      0.0000000      0.0000000      0.0000000    
  0.0000000       23250.00      0.0000000      0.0000000    
  0.0000000      0.0000000      0.0000000       23250.00    
  0.0000000      0.0000000      0.0000000      0.0000000    
  0.0000000       23250.00      0.0000000      0.0000000    
  0.0000000      0.0000000      0.0000000       23250.00    
  0.0000000      0.0000000      0.0000000      0.0000000    
  0.0000000       23250.00      0.0000000      0.0000000    
  0.0000000      0.0000000      0.0000000       23250.00    
  0.0000000      0.0000000      0.0000000      0.0000000    
  0.0000000       23250.00      0.0000000      0.0000000    
  0.0000000      0.0000000      0.0000000       23250.00    
  0.0000000      0.0000000      0.0000000      0.0000000    
  0.0000000       23250.00      0.0000000      0.0000000    
  0.0000000      0.0000000      0.0000000       23250.00    
  0.0000000      0.0000000      0.0000000      0.0000000    
  0.0000000       23250.00      0.0000000      0.0000000    
  0.0000000      0.0000000      0.0000000       23250.00    
  0.0000000      0.0000000      0.0000000      0.0000000    
  0.0000000       23250.00      0.0000000      0.0000000    
  0.0000000      0.0000000      0.0000000       23250.00    
  0.0000000      0.0000000      0.0000000      0.0000000    
  0.0000000       34177.00      0.0000000      0.0000000    
  0.0000000      0.0000000      0.0000000       34177.00    
  0.0000000      0.0000000      0.0000000      0.0000000    
  0.0000000       34177.00      0.0000000      0.0000000    
  0.0000000      0.0000000      0.0000000       34177.00    
  0.0000000      0.0000000      0.0000000      0.0000000    
  0.0000000       34177.00      0.0000000      0.0000000    
  0.0000000      0.0000000      0.0000000       34177.00    
  0.0000000      0.0000000      0.0000000      0.0000000    
  0.0000000       34177.00      0.0000000      0.0000000    
  0.0000000      0.0000000      0.0000000       34177.00    
  0.0000000      0.0000000      0.0000000      0.0000000    
  0.0000000       34177.00      0.0000000      0.0000000    
  0.0000000      0.0000000      0.0000000       34177.00    
  0.0000000      0.0000000      0.0000000      0.0000000    
  0.0000000       34177.00      0.0000000      0.0000000    
  0.0000000      0.0000000      0.0000000       34177.00    
  0.0000000      0.0000000      0.0000000      0.0000000    
  0.0000000       34177.00      0.0000000      0.0000000    
  0.0000000      0.0000000      0.0000000       34177.00    
  0.0000000      0.0000000      0.0000000      0.0000000    
  0.0000000       34177.00      0.0000000      0.0000000    
  0.0000000      0.0000000      0.0000000       34177.00    
  0.0000000      0.0000000      0.0000000      0.0000000    
  0.0000000       34177.00      0.0000000      0.0000000    
  0.0000000      0.0000000      0.0000000       34177.00    
  0.0000000      0.0000000      0.0000000      0.0000000    
  0.0000000       34177.00      0.0000000      0.0000000    
  0.0000000      0.0000000      0.0000000       34177.00    
  0.0000000      0.0000000      0.0000000      0.0000000    
  0.0000000       75300.00      0.0000000      0.0000000    
  0.0000000      0.0000000      0.0000000       75300.00    
  0.0000000      0.0000000      0.0000000      0.0000000    
  0.0000000       75300.00      0.0000000      0.0000000    
  0.0000000      0.0000000      0.0000000       75300.00    
  0.0000000      0.0000000      0.0000000      0.0000000    
  0.0000000       75300.00      0.0000000      0.0000000    
  0.0000000      0.0000000      0.0000000       75300.00    
  0.0000000      0.0000000      0.0000000      0.0000000    
  0.0000000       75300.00      0.0000000      0.0000000    
  0.0000000      0.0000000      0.0000000       75300.00    
  0.0000000      0.0000000      0.0000000      0.0000000    
  0.0000000       75300.00      0.0000000      0.0000000    
  0.0000000      0.0000000      0.0000000       75300.00    
  0.0000000      0.0000000      0.0000000      0.0000000    
  0.0000000      0.0000000      0.0000000      0.0000000    
  0.0000000      0.0000000      0.0000000      0.0000000    
  0.0000000      0.0000000      0.0000000      0.0000000    
  0.0000000      0.0000000      0.0000000      0.0000000    
  0.0000000      0.0000000      0.0000000      0.0000000    
  0.0000000      0.0000000      0.0000000      0.0000000    
  0.0000000      0.0000000      0.0000000      0.0000000    
  0.0000000      0.0000000      0.0000000      0.0000000    
  0.0000000      0.0000000      0.0000000      0.0000000    
  0.0000000      0.0000000      0.0000000      0.0000000    
  0.0000000      0.0000000      0.0000000      0.0000000    
  0.0000000      0.0000000      0.0000000      0.0000000    
  0.0000000      0.0000000      0.0000000      0.0000000    
  0.0000000      0.0000000      0.0000000      0.0000000    
  0.0000000      0.0000000      0.0000000      0.0000000    
  0.0000000      0.0000000      0.0000000      0.0000000    
  0.0000000      0.0000000      0.0000000      0.0000000    
  0.0000000      0.0000000      0.0000000      0.0000000    
  0.0000000      0.0000000      0.0000000      0.0000000    
  0.0000000      0.0000000      0.0000000      0.0000000    
  0.0000000      0.0000000      0.0000000      0.0000000    
  0.0000000      0.0000000      0.0000000      0.0000000    
  0.0000000      0.0000000      0.0000000      0.0000000    
  0.0000000      0.0000000      0.0000000      0.0000000    
  0.0000000      0.0000000      0.0000000      0.0000000    
  0.0000000      0.0000000      0.0000000      0.0000000    
  0.0000000      0.0000000      0.0000000      0.0000000    
  0.0000000      0.0000000      0.0000000      0.0000000    
  0.0000000      0.0000000      0.0000000      0.0000000    
  0.0000000      0.0000000      0.0000000      0.0000000    
  0.0000000      0.0000000      0.0000000      0.0000000    
  0.0000000      0.0000000      0.0000000      0.0000000    
  0.0000000      0.0000000      0.0000000      0.0000000    
  0.0000000      0.0000000      0.0000000      0.0000000    
  0.0000000      0.0000000      0.0000000      0.0000000    
  0.0000000      0.0000000      0.0000000      0.0000000    
  0.0000000      0.0000000      0.0000000      0.0000000    
  0.0000000      0.0000000      0.0000000      0.0000000    
  0.0000000      0.0000000      0.0000000      0.0000000    
  0.0000000      0.0000000      0.0000000      0.0000000    
  0.0000000      0.0000000      0.0000000      0.0000000    
  0.0000000      0.0000000      0.0000000      0.0000000    
  0.0000000      0.0000000      0.0000000      0.0000000    
  0.0000000      0.0000000      0.0000000      0.0000000    
  0.0000000      0.0000000      0.0000000      0.0000000    
  0.0000000      0.0000000      0.0000000      0.0000000    
  0.0000000      0.0000000      0.0000000      0.0000000    
  0.0000000      0.0000000      0.0000000      0.0000000    
  0.0000000      0.0000000      0.0000000      0.0000000    
  0.0000000      0.0000000      0.0000000      0.0000000    
  0.0000000      0.0000000      0.0000000      0.0000000    
  0.0000000      0.0000000      0.0000000      0.0000000    
  0.0000000      0.0000000      0.0000000       23250.00    
              0              0              0              0
              0              0              0              0
              0              0              0              0
              0              0              0  0.0000000    
  0.0000000      0.0000000      0.0000000      0.0000000    
  0.0000000      0.0000000      0.0000000       23250.00    
  0.0000000      0.0000000      0.0000000      0.0000000    
  0.0000000       23250.00      0.0000000      0.0000000    
  0.0000000      0.0000000      0.0000000       23250.00    
  0.0000000      0.0000000      0.0000000      0.0000000    
  0.0000000       23250.00      0.0000000      0.0000000    
  0.0000000      0.0000000      0.0000000       23250.00    
  0.0000000      0.0000000      0.0000000      0.0000000    
  0.0000000       23250.00      0.0000000      0.0000000    
  0.0000000      0.0000000      0.0000000       23250.00    
  0.0000000      0.0000000      0.0000000      0.0000000    
  0.0000000       23250.00      0.0000000      0.0000000    
  0.0000000      0.0000000      0.0000000       23250.00    
  0.0000000      0.0000000      0.0000000      0.0000000    
  0.0000000       23250.00      0.0000000      0.0000000    
  0.0000000      0.0000000      0.0000000       23250.00    
  0.0000000      0.0000000      0.0000000      0.0000000    
  0.0000000       23250.00      0.0000000      0.0000000    
  0.0000000      0.0000000      0.0000000       23250.00    
  0.0000000      0.0000000      0.0000000      0.0000000    
  0.0000000       23250.00      0.0000000      0.0000000    
  0.0000000      0.0000000      0.0000000       2325.000    
  0.0000000      0.0000000      0.0000000      0.0000000    
  0.0000000       2251.767      0.0000000      0.0000000    
  0.0000000      0.0000000      0.0000000       2178.251    
  0.0000000      0.0000000      0.0000000      0.0000000    
  0.0000000       2104.450      0.0000000      0.0000000    
  0.0000000      0.0000000      0.0000000       2030.363    
  0.0000000      0.0000000      0.0000000      0.0000000    
  0.0000000       1955.988      0.0000000      0.0000000    
  0.0000000      0.0000000      0.0000000       1881.326    
  0.0000000      0.0000000      0.0000000      0.0000000    
  0.0000000       1806.374      0.0000000      0.0000000    
  0.0000000      0.0000000      0.0000000       1731.132    
  0.0000000      0.0000000      0.0000000      0.0000000    
  0.0000000       1655.598      0.0000000      0.0000000    
  0.0000000      0.0000000      0.0000000       1579.772    
  0.0000000      0.0000000      0.0000000      0.0000000    
  0.0000000       1503.651      0.0000000      0.0000000    
  0.0000000      0.0000000      0.0000000       1427.236    
  0.0000000      0.0000000      0.0000000      0.0000000    
  0.0000000       1350.525      0.0000000      0.0000000    
  0.0000000      0.0000000      0.0000000       1273.516    
  0.0000000      0.0000000      0.0000000      0.0000000    
  0.0000000       1196.209      0.0000000      0.0000000    
  0.0000000      0.0000000      0.0000000       1118.602    
  0.0000000      0.0000000      0.0000000      0.0000000    
  0.0000000       1040.695      0.0000000      0.0000000    
  0.0000000      0.0000000      0.0000000       962.4856    
  0.0000000      0.0000000      0.0000000      0.0000000    
  0.0000000       883.9733      0.0000000      0.0000000    
  0.0000000      0.0000000      0.0000000       805.1568    
  0.0000000      0.0000000      0.0000000      0.0000000    
  0.0000000       726.0348      0.0000000      0.0000000    
  0.0000000      0.0000000      0.0000000       646.6063    
  0.0000000      0.0000000      0.0000000      0.0000000    
  0.0000000       566.8699      0.0000000      0.0000000    
  0.0000000      0.0000000      0.0000000       486.8246    
  0.0000000      0.0000000      0.0000000      0.0000000    
  0.0000000       406.4691      0.0000000      0.0000000    
  0.0000000      0.0000000      0.0000000       325.8023    
  0.0000000      0.0000000      0.0000000      0.0000000    
  0.0000000       244.8228      0.0000000      0.0000000    
  0.0000000      0.0000000      0.0000000       163.5296    
  0.0000000      0.0000000      0.0000000      0.0000000    
  0.0000000       81.92130      0.0000000      0.0000000    
  0.0000000      0.0000000      0.0000000      0.0000000    
  0.0000000      0.0000000      0.0000000      0.0000000    
  0.0000000      0.0000000      0.0000000      0.0000000    
  0.0000000      0.0000000      0.0000000      0.0000000    
  0.0000000      0.0000000      0.0000000      0.0000000    
  0.0000000      0.0000000      0.0000000      0.0000000    
  0.0000000      0.0000000      0.0000000      0.0000000    
  0.0000000      0.0000000      0.0000000      0.0000000    
  0.0000000      0.0000000      0.0000000      0.0000000    
  0.0000000      0.0000000      0.0000000      0.0000000    
  0.0000000      0.0000000      0.0000000      0.0000000    
  0.0000000      0.0000000      0.0000000      0.0000000    
  0.0000000      0.0000000      0.0000000      0.0000000    
  0.0000000      0.0000000      0.0000000      0.0000000    
  0.0000000      0.0000000      0.0000000      0.0000000    
  0.0000000      0.0000000      0.0000000      0.0000000    
  0.0000000      0.0000000      0.0000000      0.0000000    
  0.0000000      0.0000000      0.0000000      0.0000000    
  0.0000000      0.0000000      0.0000000      0.0000000    
  0.0000000      0.0000000      0.0000000      0.0000000    
  0.0000000      0.0000000      0.0000000      0.0000000    
  0.0000000      0.0000000      0.0000000      0.0000000    
  0.0000000      0.0000000      0.0000000      0.0000000    
  0.0000000      0.0000000      0.0000000      0.0000000    
  0.0000000      0.0000000      0.0000000      0.0000000    
  0.0000000      0.0000000      0.0000000      0.0000000    
  0.0000000      0.0000000      0.0000000      0.0000000    
  0.0000000      0.0000000      0.0000000      0.0000000    
  0.0000000      0.0000000      0.0000000      0.0000000    
  0.0000000      0.0000000      0.0000000      0.0000000    
  0.0000000      0.0000000      0.0000000      0.0000000    
  0.0000000      0.0000000      0.0000000      0.0000000    
  0.0000000      0.0000000      0.0000000      0.0000000    
  0.0000000      0.0000000      0.0000000      0.0000000    
  0.0000000      0.0000000      0.0000000      0.0000000    
  0.0000000      0.0000000      0.0000000      0.0000000    
  0.0000000      0.0000000      0.0000000      0.0000000    
  0.0000000      0.0000000      0.0000000      0.0000000    
  0.0000000      0.0000000      0.0000000      0.0000000    
  0.0000000      0.0000000      0.0000000      0.0000000    
  0.0000000      0.0000000      0.0000000      0.0000000    
  0.0000000      0.0000000      0.0000000      0.0000000    
  0.0000000      0.0000000      0.0000000      0.0000000    
  0.0000000      0.0000000      0.0000000      0.0000000    
  0.0000000      0.0000000      0.0000000      0.0000000    
  0.0000000      0.0000000      0.0000000      0.0000000    
  0.0000000      0.0000000      0.0000000      0.0000000    
  0.0000000      0.0000000      0.0000000      0.0000000    
  0.0000000      0.0000000      0.0000000      0.0000000    
  0.0000000      0.0000000      0.0000000      0.0000000    
  0.0000000      0.0000000      0.0000000      0.0000000    
  0.0000000      0.0000000      0.0000000      0.0000000    
  0.0000000      0.0000000      0.0000000      0.0000000    
  0.0000000      0.0000000      0.0000000      0.0000000    
  0.0000000      0.0000000      0.0000000      0.0000000    
  0.0000000      0.0000000      0.0000000      0.0000000    
  0.0000000      0.0000000      0.0000000      0.0000000    
  0.0000000      0.0000000      0.0000000      0.0000000    
  0.0000000      0.0000000      0.0000000      0.0000000    
  0.0000000      0.0000000      0.0000000      0.0000000    
  0.0000000      0.0000000      0.0000000      0.0000000    
  0.0000000      0.0000000      0.0000000      0.0000000    
  0.0000000      0.0000000      0.0000000      0.0000000    
  0.0000000      0.0000000      0.0000000      0.0000000    
  0.0000000      0.0000000      0.0000000      0.0000000    
  0.0000000      0.0000000      0.0000000      0.0000000    
  0.0000000      0.0000000      0.0000000      0.0000000    
  0.0000000      0.0000000      0.0000000      0.0000000    
  0.0000000      0.0000000      0.0000000      0.0000000    
  0.0000000      0.0000000      0.0000000      0.0000000    
  0.0000000      0.0000000      0.0000000      0.0000000    
  0.0000000      0.0000000      0.0000000      0.0000000    
  0.0000000      0.0000000      0.0000000      0.0000000    
  0.0000000      0.0000000      0.0000000      0.0000000    
  0.0000000      0.0000000      0.0000000      0.0000000    
  0.0000000      0.0000000      0.0000000      0.0000000    
  0.0000000       18898.73      0.0000000      0.0000000    
  0.0000000      0.0000000      0.0000000       18971.96    
  0.0000000      0.0000000      0.0000000      0.0000000    
  0.0000000       19045.47      0.0000000      0.0000000    
  0.0000000      0.0000000      0.0000000       19119.28    
  0.0000000      0.0000000      0.0000000      0.0000000    
  0.0000000       19193.36      0.0000000      0.0000000    
  0.0000000      0.0000000      0.0000000       19267.74    
  0.0000000      0.0000000      0.0000000      0.0000000    
  0.0000000       19342.40      0.0000000      0.0000000    
  0.0000000      0.0000000      0.0000000       19417.35    
  0.0000000      0.0000000      0.0000000      0.0000000    
  0.0000000       19492.59      0.0000000      0.0000000    
  0.0000000      0.0000000      0.0000000       19568.13    
  0.0000000      0.0000000      0.0000000      0.0000000    
  0.0000000       19643.95      0.0000000      0.0000000    
  0.0000000      0.0000000      0.0000000       19720.07    
  0.0000000      0.0000000      0.0000000      0.0000000    
  0.0000000       19796.49      0.0000000      0.0000000    
  0.0000000      0.0000000      0.0000000       19873.20    
  0.0000000      0.0000000      0.0000000      0.0000000    
  0.0000000       19950.21      0.0000000      0.0000000    
  0.0000000      0.0000000      0.0000000       20027.52    
  0.0000000      0.0000000      0.0000000      0.0000000    
  0.0000000       20105.12      0.0000000      0.0000000    
  0.0000000      0.0000000      0.0000000       20183.03    
  0.0000000      0.0000000      0.0000000      0.0000000    
  0.0000000       20261.24      0.0000000      0.0000000    
  0.0000000      0000      0.0000000       20339.75    
  0.0000000      0.0000000      0.0000000      0.0000000    
  0.0000000       20418.57      0.0000000      0.0000000    
  0.0000000      0.0000000      0.0000000       20497.69    
  0.0000000      0.0000000      0.0000000      0.0000000    
  0.0000000       20577.12      0.0000000      0.0000000    
  0.0000000      0.0000000      0.0000000       20656.86    
  0.0000000      0.0000000      0.0000000      0.0000000    
  0.0000000       20736.90      0.0000000      0.0000000    
  0.0000000      0.0000000      0.0000000       20817.26    
  0.0000000      0.0000000      0.0000000      0.0000000    
  0.0000000       20897.92      0.0000000      0.0000000    
  0.0000000      0.0000000      0.0000000       20978.90    
  0.0000000      0.0000000      0.0000000      0.0000000    
  0.0000000       21060.20      0.0000000      0.0000000    
  0.0000000      0.0000000      0.0000000       21141.80    
  0.0000000      0.0000000      0.0000000      0.0000000    
  0.0000000      0.0000000      0.0000000      0.0000000    
  0.0000000      0.0000000      0.0000000      0.0000000    
  0.0000000      0.0000000      0.0000000      0.0000000    
  0.0000000      0.0000000      0.0000000      0.0000000    
  0.0000000      0.0000000      0.0000000      0.0000000    
  0.0000000      0.0000000      0.0000000      0.0000000    
  0.0000000      0.0000000      0.0000000      0.0000000    
  0.0000000      0.0000000      0.0000000      0.0000000    
  0.0000000      0.0000000      0.0000000      0.0000000    
  0.0000000      0.0000000      0.0000000      0.0000000    
  0.0000000      0.0000000      0.0000000      0.0000000    
  0.0000000      0.0000000      0.0000000      0.0000000    
  0.0000000      0.0000000      0.0000000      0.0000000    
  0.0000000      0.0000000      0.0000000      0.0000000    
  0.0000000      0.0000000      0.0000000      0.0000000    
  0.0000000      0.0000000      0.0000000      0.0000000    
  0.0000000      0.0000000      0.0000000      0.0000000    
  0.0000000      0.0000000      0.0000000      0.0000000    
  0.0000000      0.0000000      0.0000000      0.0000000    
  0.0000000      0.0000000      0.0000000      0.0000000    
  0.0000000      0.0000000      0.0000000      0.0000000    
  0.0000000      0.0000000      0.0000000      0.0000000    
  0.0000000      0.0000000      0.0000000      0.0000000    
  0.0000000      0.0000000      0.0000000      0.0000000    
  0.0000000      0.0000000      0.0000000      0.0000000    
  0.0000000      0.0000000      0.0000000      0.0000000    
  0.0000000      0.0000000      0.0000000      0.0000000    
  0.0000000      0.0000000      0.0000000      0.0000000    
  0.0000000      0.0000000      0.0000000      0.0000000    
  0.0000000      0.0000000      0.0000000      0.0000000    
  0.0000000      0.0000000      0.0000000      0.0000000    
  0.0000000      0.0000000      0.0000000      0.0000000    
  0.0000000      0.0000000      0.0000000      0.0000000    
  0.0000000      0.0000000      0.0000000      0.0000000    
  0.0000000      0.0000000      0.0000000      0.0000000    
  0.0000000      0.0000000      0.0000000      0.0000000    
  0.0000000      0.0000000      0.0000000      0.0000000    
  0.0000000      0.0000000      0.0000000      0.0000000    
  0.0000000      0.0000000      0.0000000      0.0000000    
  0.0000000      0.0000000      0.0000000      0.0000000    
  0.0000000      0.0000000      0.0000000      0.0000000    
  0.0000000      0.0000000      0.0000000      0.0000000    
  0.0000000      0.0000000      0.0000000      0.0000000    
  0.0000000      0.0000000      0.0000000      0.0000000    
  0.0000000      0.0000000      0.0000000      0.0000000    
  0.0000000      0.0000000      0.0000000      0.0000000    
  0.0000000      0.0000000      0.0000000      0.0000000    
  0.0000000      0.0000000      0.0000000      0.0000000    
  0.0000000      0.0000000      0.0000000      0.0000000    
  0.0000000      0.0000000      0.0000000      0.0000000    
  0.0000000      0.0000000      0.0000000      0.0000000    
  0.0000000      0.0000000      0.0000000      0.0000000    
  0.0000000      0.0000000      0.0000000      0.0000000    
  0.0000000      0.0000000      0.0000000      0.0000000    
  0.0000000      0.0000000      0.0000000      0.0000000    
  0.0000000      0.0000000      0.0000000      0.0000000    
  0.0000000      0.0000000      0.0000000      0.0000000    
  0.0000000      0.0000000      0.0000000      0.0000000    
  0.0000000      0.0000000      0.0000000      0.0000000    
  0.0000000      0.0000000      0.0000000      0.0000000    
  0.0000000      0.0000000      0.0000000      0.0000000    
  0.0000000      0.0000000      0.0000000      0.0000000    
  0.0000000      0.0000000      0.0000000      0.0000000    
  0.0000000      0.0000000      0.0000000      0.0000000    
  0.0000000      0.0000000      0.0000000      0.0000000    
  0.0000000      0.0000000      0.0000000      0.0000000    
  0.0000000      0.0000000      0.0000000      0.0000000    
  0.0000000      0.0000000      0.0000000      0.0000000    
  0.0000000      0.0000000      0.0000000      0.0000000    
  0.0000000      0.0000000      0.0000000      0.0000000    
  0.0000000      0.0000000      0.0000000      0.0000000    
  0.0000000      0.0000000      0.0000000      0.0000000    
  0.0000000      0.0000000      0.0000000      0.0000000    
  0.0000000      0.0000000      0.0000000      0.0000000    
  0.0000000      0.0000000      0.0000000      0.0000000    
  0.0000000      0.0000000      0.0000000      0.0000000    
  0.0000000      0.0000000      0.0000000      0.0000000    
  0.0000000      0.0000000      0.0000000      0.0000000    
  0.0000000      0.0000000      0.0000000      0.0000000    
  0.0000000      0.0000000      0.0000000      0.0000000    
  0.0000000      0.0000000      0.0000000      0.0000000    
  0.0000000      0.0000000      0.0000000      0.0000000    
  0.0000000      0.0000000      0.0000000      0.0000000    
  0.0000000      0.0000000      0.0000000      0.0000000    
  0.0000000      0.0000000      0.0000000      0.0000000    
  0.0000000      0.0000000      0.0000000      0.0000000    
  0.0000000      0.0000000      0.0000000      0.0000000    
  0.0000000      0.0000000      0.0000000      0.0000000    
  0.0000000      0.0000000      0.0000000      0.0000000    
  0.0000000      0.0000000      0.0000000      0.0000000    
  0.0000000      0.0000000      0.0000000      0.0000000    
  0.0000000      0.0000000      0.0000000      0.0000000    
  0.0000000      0.0000000      0.0000000      0.0000000    
  0.0000000      0.0000000      0.0000000      0.0000000    
  0.0000000      0.0000000      0.0000000      0.0000000    
  0.0000000      0.0000000      0.0000000      0.0000000    
  0.0000000      0.0000000      0.0000000      0.0000000    
  0.0000000      0.0000000      0.0000000      0.0000000    
  0.0000000      0.0000000      0.0000000      0.0000000    
  0.0000000      0.0000000      0.0000000      0.0000000    
  0.0000000      0.0000000      0.0000000      0.0000000    
  0.0000000      0.0000000      0.0000000      0.0000000    
  0.0000000      0.0000000      0.0000000      0.0000000    
  0.0000000      0.0000000      0.0000000      0.0000000    
  0.0000000      0.0000000      0.0000000      0.0000000    
  0.0000000      0.0000000      0.0000000      0.0000000    
  0.0000000      0.0000000      0.0000000      0.0000000    
  0.0000000      0.0000000      0.0000000      0.0000000    
  0.0000000      0.0000000      0.0000000      0.0000000    
  0.0000000      0.0000000      0.0000000      0.0000000    
  0.0000000      0.0000000      0.0000000      0.0000000    
  0.0000000      0.0000000      0.0000000      0.0000000    
  0.0000000      0.0000000      0.0000000      0.0000000    
  0.0000000      0.0000000      0.0000000      0.0000000    
  0.0000000      0.0000000      0.0000000      0.0000000    
  0.0000000      0.0000000      0.0000000      0.0000000    
  0.0000000      0.0000000      0.0000000      0.0000000    
  0.0000000      0.0000000      0.0000000      0.0000000    
  0.0000000      0.0000000      0.0000000      0.0000000    
  0.0000000      0.0000000      0.0000000      0.0000000    
  0.0000000      0.0000000      0.0000000      0.0000000    
  0.0000000      0.0000000      0.0000000      0.0000000    
  0.0000000      0.0000000      0.0000000      0.0000000    
  0.0000000      0.0000000      0.0000000      0.0000000    
  0.0000000      0.0000000      0.0000000      0.0000000    
  0.0000000      0.0000000      0.0000000      0.0000000    
  0.0000000      0.0000000      0.0000000      0.0000000    
  0.0000000      0.0000000      0.0000000      0.0000000    
  0.0000000      0.0000000      0.0000000      0.0000000    
  0.0000000      0.0000000      0.0000000      0.0000000    
  0.0000000      0.0000000      0.0000000      0.0000000    
  0.0000000      0.0000000      0.0000000      0.0000000    
  0.0000000      0.0000000      0.0000000      0.0000000    
  0.0000000      0.0000000      0.0000000      0.0000000    
  0.0000000      0.0000000      0.0000000      0.0000000    
  0.0000000      0.0000000      0.0000000      0.0000000    
  0.0000000      0.0000000      0.0000000      0.0000000    
  0.0000000      0.0000000      0.0000000      0.0000000    
  0.0000000      0.0000000      0.0000000      0.0000000    
  0.0000000      0.0000000      0.0000000      0.0000000    
  0.0000000      0.0000000      0.0000000      0.0000000    
  0.0000000      0.0000000      0.0000000      0.0000000    
  0.0000000      0.0000000      0.0000000      0.0000000    
  0.0000000      0.0000000      0.0000000      0.0000000    
  0.0000000      0.0000000      0.0000000      0.0000000    
  0.0000000      0.0000000      0.0000000      0.0000000    
  0.0000000      0.0000000      0.0000000      0.0000000    
  0.0000000      0.0000000      0.0000000      0.0000000    
  0.0000000      0.0000000      0.0000000      0.0000000    
  0.0000000      0.0000000      0.0000000      0.0000000    
  0.0000000      0.0000000      0.0000000      0.0000000    
  0.0000000      0.0000000      0.0000000      0.0000000    
  0.0000000      0.0000000      0.0000000      0.0000000    
  0.0000000      0.0000000      0.0000000      0.0000000    
  0.0000000      0.0000000      0.0000000      0.0000000    
  0.0000000      0.0000000      0.0000000      0.0000000    
  0.0000000      0.0000000      0.0000000      0.0000000    
  0.0000000      0.0000000      0.0000000      0.0000000    
  0.0000000      0.0000000      0.0000000      0.0000000    
  0.0000000      0.0000000      0.0000000      0.0000000    
  0.0000000      0.0000000      0.0000000      0.0000000    
  0.0000000      0.0000000      0.0000000      0.0000000    
  0.0000000      0.0000000      0.0000000      0.0000000    
  0.0000000      0.0000000      0.0000000      0.0000000    
  0.0000000      0.0000000      0.0000000      0.0000000    
  0.0000000      0.0000000      0.0000000      0.0000000    
  0.0000000      0.0000000      0.0000000      0.0000000    
  0.0000000      0.0000000      0.0000000      0.0000000    
  0.0000000      0.0000000      0.0000000      0.0000000    
  0.0000000      0.0000000      0.0000000      0.0000000    
  0.0000000      0.0000000      0.0000000      0.0000000    
  0.0000000      0.0000000      0.0000000      0.0000000    
  0.0000000      0.0000000      0.0000000      0.0000000    
  0.0000000                183  0.0000000      0.0000000    
  0.0000000      0.0000000      0.0000000      0.0000000    
  0.0000000      0.0000000      0.0000000      0.0000000    
  0.0000000      0.0000000      0.0000000      0.0000000    
  0.0000000      0.0000000      0.0000000      0.0000000    
  0.0000000      0.0000000      0.0000000      0.0000000    
  0.0000000      0.0000000      0.0000000      0.0000000    
  0.0000000      0.0000000      0.0000000      0.0000000    
  0.0000000      0.0000000      0.0000000      0.0000000    
  0.0000000      0.0000000      0.0000000      0.0000000    
  0.0000000      0.0000000      0.0000000      0.0000000    
  0.0000000      0.0000000      0.0000000      0.0000000    
  0.0000000      0.0000000      0.0000000      0.0000000    
  0.0000000      0.0000000      0.0000000      0.0000000    
  0.0000000      0.0000000      0.0000000      0.0000000    
  0.0000000      0.0000000      0.0000000      0.0000000    
  0.0000000      0.0000000      0.0000000      0.0000000    
  0.0000000      0.0000000      0.0000000      0.0000000    
  0.0000000      0.0000000      0.0000000      0.0000000    
  0.0000000      0.0000000      0.0000000      0.0000000    
  0.0000000      0.0000000      0.0000000      0.0000000    
  0.0000000      0.0000000      0.0000000      0.0000000    
  0.0000000      0.0000000      0.0000000      0.0000000    
  0.0000000      0.0000000      0.0000000      0.0000000    
  0.0000000      0.0000000      0.0000000      0.0000000    
  0.0000000      0.0000000      0.0000000      0.0000000    
  0.0000000      0.0000000      0.0000000      0.0000000    
  0.0000000      0.0000000      0.0000000      0.0000000    
  0.0000000      0.0000000      0.0000000      0.0000000    
  0.0000000      0.0000000      0.0000000      0.0000000    
  0.0000000      0.0000000      0.0000000      0.0000000    
  0.0000000      0.0000000      0.0000000      0.0000000    
  0.0000000      0.0000000      0.0000000      0.0000000    
  0.0000000      0.0000000      0.0000000      0.0000000    
  0.0000000      0.0000000      0.0000000      0.0000000    
  0.0000000      0.0000000      0.0000000      0.0000000    
  0.0000000      0.0000000      0.0000000      0.0000000    
  0.0000000      0.0000000      0.0000000      0.0000000    
  0.0000000      0.0000000      0.0000000      0.0000000    
  0.0000000      0.0000000      0.0000000      0.0000000    
  0.0000000      0.0000000      0.0000000      0.0000000    
  0.0000000      0.0000000      0.0000000      0.0000000    
  0.0000000      0.0000000      0.0000000      0.0000000    
  0.0000000      0.0000000      0.0000000      0.0000000    
  0.0000000      0.0000000      0.0000000      0.0000000    
  0.0000000      0.0000000      0.0000000      0.0000000    
  0.0000000      0.0000000      0.0000000      0.0000000    
  0.0000000      0.0000000      0.0000000      0.0000000    
  0.0000000      0.0000000      0.0000000      0.0000000    
  0.0000000      0.0000000      0.0000000      0.0000000    
  0.0000000      0.0000000      0.0000000      0.0000000    
  0.0000000      0.0000000      0.0000000      0.0000000    
  0.0000000      0.0000000      0.0000000      0.0000000    
  0.0000000      0.0000000      0.0000000      0.0000000    
  0.0000000      0.0000000      0.0000000      0.0000000    
  0.0000000      0.0000000      0.0000000      0.0000000    
  0.0000000      0.0000000      0.0000000      0.0000000    
  0.0000000      0.0000000      0.0000000      0.0000000    
  0.0000000      0.0000000      0.0000000      0.0000000    
  0.0000000      0.0000000      0.0000000      0.0000000    
  0.0000000      0.0000000      0.0000000      0.0000000    
  0.0000000      0.0000000      0.0000000      0.0000000    
  0.0000000      0.0000000      0.0000000      0.0000000    
  0.0000000      0.0000000      0.0000000      0.0000000    
  0.0000000      0.0000000      0.0000000      0.0000000    
  0.0000000      0.0000000      0.0000000      0.0000000    
  0.0000000      0.0000000      0.0000000      0.0000000    
  0.0000000      0.0000000      0.0000000      0.0000000    
  0.0000000      0.0000000      0.0000000      0.0000000    
  0.0000000      0.0000000      0.0000000      0.0000000    
  0.0000000      0.0000000      0.0000000      0.0000000    
  0.0000000      0.0000000      0.0000000      0.0000000    
  0.0000000      0.0000000      0.0000000      0.0000000    
  0.0000000      0.0000000      0.0000000      0.0000000    
  0.0000000      0.0000000      0.0000000      0.0000000    
  0.0000000      0.0000000      0.0000000      0.0000000    
  0.0000000      0.0000000      0.0000000      0.0000000    
  0.0000000      0.0000000      0.0000000      0.0000000    
  0.0000000      0.0000000      0.0000000      0.0000000    
  0.0000000      0.0000000      0.0000000      0.0000000    
  0.0000000      0.0000000      0.0000000      0.0000000    
  0.0000000      0.0000000      0.0000000      0.0000000    
  0.0000000      0.0000000      0.0000000      0.0000000    
  0.0000000      0.0000000      0.0000000      0.0000000    
  0.0000000      0.0000000      0.0000000      0.0000000    
  0.0000000      0.0000000      0.0000000      0.0000000    
  0.0000000      0.0000000      0.0000000      0.0000000    
  0.0000000      0.0000000      0.0000000      0.0000000    
  0.0000000      0.0000000      0.0000000      0.0000000    
  0.0000000      0.0000000      0.0000000      0.0000000    
  0.0000000      0.0000000      0.0000000      0.0000000    
  0.0000000      0.0000000      0.0000000      0.0000000    
  0.0000000      0.0000000      0.0000000      0.0000000    
  0.0000000      0.0000000      0.0000000      0.0000000    
  0.0000000      0.0000000      0.0000000      0.0000000    
  0.0000000      0.0000000      0.0000000      0.0000000    
  0.0000000      0.0000000      0.0000000      0.0000000    
  0.0000000      0.0000000      0.0000000      0.0000000    
  0.0000000      0.0000000      0.0000000      0.0000000    
  0.0000000      0.0000000      0.0000000      0.0000000    
  0.0000000      0.0000000      0.0000000      0.0000000    
  0.0000000      0.0000000      0.0000000      0.0000000    
  0.0000000      0.0000000      0.0000000      0.0000000    
  0.0000000      0.0000000      0.0000000      0.0000000    
  0.0000000      0.0000000      0.0000000      0.0000000    
  0.0000000      0.0000000      0.0000000      0.0000000    
  0.0000000      0.0000000      0.0000000      0.0000000    
  0.0000000      0.0000000      0.0000000      0.0000000    
  0.0000000      0.0000000      0.0000000      0.0000000    
  0.0000000      0.0000000      0.0000000      0.0000000    
  0.0000000      0.0000000      0.0000000      0.0000000    
  0.0000000      0.0000000      0.0000000      0.0000000    
  0.0000000      0.0000000      0.0000000      0.0000000    
  0.0000000      0.0000000      0.0000000      0.0000000    
  0.0000000      0.0000000      0.0000000      0.0000000    
  0.0000000      0.0000000      0.0000000      0.0000000    
  0.0000000      0.0000000      0.0000000      0.0000000    
  0.0000000      0.0000000      0.0000000      0.0000000    
  0.0000000      0.0000000      0.0000000      0.0000000    
  0.0000000      0.0000000      0.0000000      0.0000000    
  0.0000000      0.0000000      0.0000000      0.0000000    
  0.0000000      0.0000000      0.0000000      0.0000000    
  0.0000000      0.0000000      0.0000000      0.0000000    
  0.0000000      0.0000000      0.0000000      0.0000000    
  0.0000000      0.0000000      0.0000000      0.0000000    
  0.0000000      0.0000000      0.0000000      0.0000000    
  0.0000000      0.0000000      0.0000000      0.0000000    
  0.0000000      0.0000000      0.0000000      0.0000000    
  0.0000000      0.0000000      0.0000000      0.0000000    
  0.0000000      0.0000000      0.0000000      0.0000000    
  0.0000000      0.0000000      0.0000000      0.0000000    
  0.0000000      0.0000000      0.0000000      0.0000000    
  0.0000000      0.0000000      0.0000000      0.0000000    
  0.0000000      0.0000000      0.0000000      0.0000000    
  0.0000000      0.0000000      0.0000000      0.0000000    
  0.0000000      0.0000000      0.0000000      0.0000000    
  0.0000000      0.0000000      0.0000000      0.0000000    
  0.0000000      0.0000000      0.0000000      0.0000000    
  0.0000000      0.0000000      0.0000000      0.0000000    
  0.0000000      0.0000000      0.0000000      0.0000000    
  0.0000000      0.0000000      0.0000000      0.0000000    
  0.0000000      0.0000000      0.0000000      0.0000000    
  0.0000000      0.0000000      0.0000000      0.0000000    
  0.0000000      0.0000000      0.0000000      0.0000000    
  0.0000000      0.0000000      0.0000000      0.0000000    
  0.0000000      0.0000000      0.0000000      0.0000000    
  0.0000000      0.0000000      0.0000000      0.0000000    
  0.0000000      0.0000000      0.0000000      0.0000000    
  0.0000000      0.0000000      0.0000000      0.0000000    
  0.0000000      0.0000000      0.0000000      0.0000000    
  0.0000000      0.0000000      0.0000000      0.0000000    
  0.0000000      0.0000000      0.0000000      0.0000000    
  0.0000000      0.0000000      0.0000000      0.0000000    
  0.0000000      0.0000000      0.0000000      0.0000000    
  0.0000000      0.0000000      0.0000000      0.0000000    
  0.0000000      0.0000000      0.0000000      0.0000000    
  0.0000000      0.0000000      0.0000000      0.0000000    
  0.0000000      0.0000000      0.0000000      0.0000000    
  0.0000000      0.0000000      0.0000000      0.0000000    
  0.0000000      0.0000000      0.0000000      0.0000000    
  0.0000000      0.0000000      0.0000000      0.0000000    
  0.0000000      0.0000000      0.0000000      0.0000000    
  0.0000000      0.0000000      0.0000000      0.0000000    
  0.0000000      0.0000000      0.0000000      0.0000000    
  0.0000000      0.0000000      0.0000000      0.0000000    
  0.0000000      0.0000000      0.0000000      0.0000000    
  0.0000000      0.0000000      0.0000000      0.0000000    
  0.0000000      0.0000000      0.0000000      0.0000000    
  0.0000000      0.0000000      0.0000000      0.0000000    
  0.0000000      0.0000000      0.0000000      0.0000000    
  0.0000000      0.0000000      0.0000000      0.0000000    
  0.0000000      0.0000000      0.0000000      0.0000000    
  0.0000000      0.0000000      0.0000000      0.0000000    
  0.0000000      0.0000000      0.0000000      0.0000000    
  0.0000000      0.0000000      0.0000000      0.0000000    
  0.0000000      0.0000000      0.0000000      0.0000000    
  0.0000000      0.0000000      0.0000000      0.0000000    
  0.0000000      0.0000000      0.0000000      0.0000000    
  0.0000000      0.0000000      0.0000000      0.0000000    
  0.0000000      0.0000000      0.0000000      0.0000000    
  0.0000000      0.0000000      0.0000000      0.0000000    
  0.0000000      0.0000000      0.0000000      0.0000000    
  0.0000000      0.0000000      0.0000000      0.0000000    
  0.0000000      0.0000000      0.0000000      0.0000000    
  0.0000000      0.0000000      0.0000000      0.0000000    
  0.0000000      0.0000000      0.0000000      0.0000000    
  0.0000000      0.0000000      0.0000000      0.0000000    
  0.0000000      0.0000000      0.0000000      0.0000000    
  0.0000000      0.0000000      0.0000000      0.0000000    
  0.0000000      0.0000000      0.0000000      0.0000000    
  0.0000000      0.0000000      0.0000000      0.0000000    
  0.0000000      0.0000000      0.0000000      0.0000000    
  0.0000000      0.0000000      0.0000000      0.0000000    
  0.0000000      0.0000000      0.0000000      0.0000000    
  0.0000000      0.0000000      0.0000000      0.0000000    
  0.0000000      0.0000000      0.0000000      0.0000000    
  0.0000000      0.0000000      0.0000000      0.0000000    
  0.0000000      0.0000000      0.0000000      0.0000000    
  0.0000000      0.0000000      0.0000000      0.0000000    
  0.0000000      0.0000000      0.0000000      0.0000000    
  0.0000000      0.0000000      0.0000000      0.0000000    
  0.0000000      0.0000000      0.0000000      0.0000000    
  0.0000000      0.0000000      0.0000000      0.0000000    
  0.0000000      0.0000000      0.0000000      0.0000000    
  0.0000000      0.0000000      0.0000000      0.0000000    
  0.0000000      0.0000000      0.0000000      0.0000000    
  0.0000000      0.0000000      0.0000000      0.0000000    
  0.0000000      0.0000000      0.0000000      0.0000000    
  0.0000000      0.0000000      0.0000000      0.0000000    
  0.0000000      0.0000000      0.0000000      0.0000000    
  0.0000000      0.0000000      0.0000000      0.0000000    
  0.0000000      0.0000000      0.0000000      0.0000000    
  0.0000000      0.0000000      0.0000000      0.0000000    
  0.0000000      0.0000000      0.0000000      0.0000000    
  0.0000000      0.0000000      0.0000000      0.0000000    
  0.0000000      0.0000000      0.0000000      0.0000000    
  0.0000000      0.0000000      0.0000000      0.0000000    
  0.0000000      0.0000000      0.0000000      0.0000000    
  0.0000000      0.0000000      0.0000000      0.0000000    
  0.0000000      0.0000000      0.0000000      0.0000000    
  0.0000000      0.0000000      0.0000000      0.0000000    
  0.0000000      0.0000000      0.0000000      0.0000000    
  0.0000000      0.0000000      0.0000000      0.0000000    
  0.0000000      0.0000000      0.0000000      0.0000000    
  0.0000000      0.0000000      0.0000000      0.0000000    
  0.0000000      0.0000000      0.0000000      0.0000000    
  0.0000000      0.0000000      0.0000000      0.0000000    
  0.0000000      0.0000000      0.0000000      0.0000000    
  0.0000000      0.0000000      0.0000000      0.0000000    
  0.0000000      0.0000000      0.0000000      0.0000000    
  0.0000000      0.0000000      0.0000000      0.0000000    
  0.0000000      0.0000000      0.0000000      0.0000000    
  0.0000000      0.0000000      0.0000000      0.0000000    
  0.0000000      0.0000000      0.0000000      0.0000000    
  0.0000000      0.0000000      0.0000000      0.0000000    
  0.0000000      0.0000000      0.0000000      0.0000000    
  0.0000000      0.0000000      0.0000000      0.0000000    
  0.0000000      0.0000000      0.0000000      0.0000000    
  0.0000000      0.0000000      0.0000000      0.0000000    
  0.0000000      0.0000000      0.0000000      0.0000000    
  0.0000000      0.0000000      0.0000000      0.0000000    
  0.0000000      0.0000000      0.0000000      0.0000000    
  0.0000000      0.0000000      0.0000000      0.0000000    
  0.0000000      0.0000000      0.0000000      0.0000000    
  0.0000000      0.0000000      0.0000000      0.0000000    
  0.0000000      0.0000000      0.0000000      0.0000000    
  0.0000000      0.0000000      0.0000000      0.0000000    
  0.0000000      0.0000000      0.0000000      0.0000000    
  0.0000000      0.0000000      0.0000000      0.0000000    
  0.0000000      0.0000000      0.0000000      0.0000000    
  0.0000000      0.0000000      0.0000000      0.0000000    
  0.0000000      0.0000000      0.0000000      0.0000000    
  0.0000000      0.0000000      0.0000000      0.0000000    
  0.0000000      0.0000000      0.0000000      0.0000000    
  0.0000000      0.0000000      0.0000000      0.0000000    
  0.0000000      0.0000000      0.0000000      0.0000000    
  0.0000000      0.0000000      0.0000000      0.0000000    
  0.0000000      0.0000000      0.0000000      0.0000000    
  0.0000000      0.0000000      0.0000000      0.0000000    
  0.0000000      0.0000000      0.0000000      0.0000000    
  0.0000000      0.0000000      0.0000000      0.0000000    
  0.0000000      0.0000000      0.0000000      0.0000000    
  0.0000000      0.0000000      0.0000000      0.0000000    
  0.0000000      0.0000000      0.0000000      0.0000000    
  0.0000000      0.0000000      0.0000000      0.0000000    
  0.0000000      0.0000000      0.0000000      0.0000000    
  0.0000000      0.0000000      0.0000000      0.0000000    
  0.0000000      0.0000000      0.0000000      0.0000000    
  0.0000000      0.0000000      0.0000000      0.0000000    
  0.0000000      0.0000000      0.0000000      0.0000000    
  0.0000000      0.0000000      0.0000000      0.0000000    
  0.0000000      0.0000000      0.0000000      0.0000000    
  0.0000000      0.0000000      0.0000000      0.0000000    
  0.0000000      0.0000000      0.0000000      0.0000000    
  0.0000000      0.0000000      0.0000000      0.0000000    
  0.0000000      0.0000000      0.0000000      0.0000000    
  0.0000000      0.0000000      0.0000000      0.0000000    
  0.0000000      0.0000000      0.0000000      0.0000000    
  0.0000000      0.0000000      0.0000000      0.0000000    
  0.0000000      0.0000000      0.0000000      0.0000000    
  0.0000000      0.0000000      0.0000000      0.0000000    
  0.0000000      0.0000000      0.0000000      0.0000000    
  0.0000000      0.0000000      0.0000000      0.0000000    
  0.0000000      0.0000000      0.0000000      0.0000000    
  0.0000000      0.0000000      0.0000000      0.0000000    
  0.0000000      0.0000000      0.0000000      0.0000000    
  0.0000000      0.0000000      0.0000000      0.0000000    
  0.0000000      0.0000000      0.0000000      0.0000000    
  0.0000000      0.0000000      0.0000000      0.0000000    
  0.0000000      0.0000000      0.0000000      0.0000000    
  0.0000000      0.0000000      0.0000000      0.0000000    
  0.0000000      0.0000000      0.0000000      0.0000000    
  0.0000000      0.0000000      0.0000000      0.0000000    
  0.0000000      0.0000000      0.0000000      0.0000000    
  0.0000000      0.0000000      0.0000000      0.0000000    
  0.0000000      0.0000000      0.0000000      0.0000000    
  0.0000000      0.0000000      0.0000000      0.0000000    
  0.0000000      0.0000000      0.0000000      0.0000000    
  0.0000000      0.0000000      0.0000000      0.0000000    
  0.0000000      0.0000000      0.0000000      0.0000000    
  0.0000000      0.0000000      0.0000000      0.0000000    
  0.0000000      0.0000000      0.0000000      0.0000000    
  0.0000000      0.0000000      0.0000000      0.0000000    
  0.0000000      0.0000000      0.0000000      0.0000000    
  0.0000000      0.0000000      0.0000000      0.0000000    
  0.0000000      0.0000000      0.0000000      0.0000000    
  0.0000000      0.0000000      0.0000000      0.0000000    
  0.0000000      0.0000000      0.0000000      0.0000000    
  0.0000000      0.0000000      0.0000000      0.0000000    
  0.0000000      0.0000000      0.0000000      0.0000000    
  0.0000000      0.0000000      0.0000000      0.0000000    
  0.0000000      0.0000000      0.0000000      0.0000000    
  0.0000000      0.0000000      0.0000000      0.0000000    
  0.0000000      0.0000000      0.0000000      0.0000000    
  0.0000000      0.0000000      0.0000000      0.0000000    
  0.0000000      0.0000000      0.0000000      0.0000000    
  0.0000000      0.0000000      0.0000000      0.0000000    
  0.0000000      0.0000000      0.0000000      0.0000000    
  0.0000000      0.0000000      0.0000000      0.0000000    
  0.0000000      0.0000000      0.0000000      0.0000000    
  0.0000000      0.0000000      0.0000000      0.0000000    
  0.0000000      0.0000000      0.0000000      0.0000000    
  0.0000000      0.0000000      0.0000000      0.0000000    
  0.0000000      0.0000000      0.0000000      0.0000000    
  0.0000000      0.0000000      0.0000000      0.0000000    
  0.0000000      0.0000000      0.0000000      0.0000000    
  0.0000000      0.0000000      0.0000000      0.0000000    
  0.0000000      0.0000000      0.0000000      0.0000000    
  0.0000000      0.0000000      0.0000000      0.0000000    
  0.0000000      0.0000000      0.0000000      0.0000000    
  0.0000000      0.0000000      0.0000000      0.0000000    
  0.0000000      0.0000000      0.0000000      0.0000000    
  0.0000000      0.0000000      0.0000000      0.0000000    
  0.0000000      0.0000000      0.0000000      0.0000000    
  0.0000000      0.0000000      0.0000000      0.0000000    
  0.0000000      0.0000000      0.0000000      0.0000000    
  0.0000000      0.0000000      0.0000000      0.0000000    
  0.0000000      0.0000000      0.0000000      0.0000000    
  0.0000000      0.0000000      0.0000000      0.0000000    
  0.0000000      0.0000000      0.0000000      0.0000000    
  0.0000000      0.0000000      0.0000000      0.0000000    
  0.0000000      0.0000000      0.0000000      0.0000000    
  0.0000000      0.0000000      0.0000000      0.0000000    
  0.0000000      0.0000000      0.0000000      0.0000000    
  0.0000000      0.0000000      0.0000000      0.0000000    
  0.0000000      0.0000000      0.0000000      0.0000000    
  0.0000000      0.0000000      0.0000000      0.0000000    
  0.0000000      0.0000000      0.0000000      0.0000000    
  0.0000000      0.0000000      0.0000000      0.0000000    
  0.0000000      0.0000000      0.0000000      0.0000000    
  0.0000000      0.0000000      0.0000000      0.0000000    
  0.0000000      0.0000000      0.0000000      0.0000000    
  0.0000000      0.0000000      0.0000000      0.0000000    
  0.0000000      0.0000000      0.0000000      0.0000000    
  0.0000000      0.0000000      0.0000000      0.0000000    
  0.0000000      0.0000000      0.0000000      0.0000000    
  0.0000000      0.0000000      0.0000000      0.0000000    
  0.0000000      0.0000000      0.0000000      0.0000000    
  0.0000000      0.0000000      0.0000000      0.0000000    
  0.0000000      0.0000000      0.0000000      0.0000000    
  0.0000000      0.0000000      0.0000000      0.0000000    
  0.0000000      0.0000000      0.0000000      0.0000000    
  0.0000000      0.0000000      0.0000000      0.0000000    
  0.0000000      0.0000000      0.0000000      0.0000000    
  0.0000000      0.0000000      0.0000000      0.0000000    
  0.0000000      0.0000000      0.0000000      0.0000000    
  0.0000000      0.0000000      0.0000000      0.0000000    
  0.0000000      0.0000000      0.0000000      0.0000000    
   23250.00      0.0000000      0.0000000      0.0000000    
  0.0000000      0.0000000      0.0000000      0.0000000    
  0.0000000      0.0000000      0.0000000      0.0000000    
  0.0000000      0.0000000      0.0000000      0.0000000    
  0.0000000      0.0000000       23250.00      0.0000000    
  0.0000000      0.0000000      0.0000000      0.0000000    
  0.0000000      0.0000000      0.0000000      0.0000000    
  0.0000000      0.0000000      0.0000000      0.0000000    
  0.0000000      0.0000000      0.0000000      0.0000000    
   23250.00      0.0000000      0.0000000      0.0000000    
  0.0000000      0.0000000      0.0000000      0.0000000    
  0.0000000      0.0000000      0.0000000      0.0000000    
  0.0000000      0.0000000      0.0000000      0.0000000    
  0.0000000      0.0000000       23250.00      0.0000000    
  0.0000000      0.0000000      0.0000000      0.0000000    
  0.0000000      0.0000000      0.0000000      0.0000000    
  0.0000000      0.0000000      0.0000000      0.0000000    
  0.0000000      0.0000000      0.0000000      0.0000000    
   23250.00      0.0000000      0.0000000      0.0000000    
  0.0000000      0.0000000      0.0000000      0.0000000    
  0.0000000      0.0000000      0.0000000      0.0000000    
  0.0000000      0.0000000      0.0000000      0.0000000    
  0.0000000      0.0000000       23250.00      0.0000000    
  0.0000000      0.0000000      0.0000000      0.0000000    
  0.0000000      0.0000000      0.0000000      0.0000000    
  0.0000000      0.0000000      0.0000000      0.0000000    
  0.0000000      0.0000000      0.0000000      0.0000000    
   23250.00      0.0000000      0.0000000      0.0000000    
  0.0000000      0.0000000      0.0000000      0.0000000    
  0.0000000      0.0000000      0.0000000      0.0000000    
  0.0000000      0.0000000      0.0000000      0.0000000    
  0.0000000      0.0000000       23250.00      0.0000000    
  0.0000000      0.0000000      0.0000000      0.0000000    
  0.0000000      0.0000000      0.0000000      0.0000000    
  0.0000000      0.0000000      0.0000000      0.0000000    
  0.0000000      0.0000000      0.0000000      0.0000000    
   23250.00      0.0000000      0.0000000      0.0000000    
  0.0000000      0.0000000      0.0000000      0.0000000    
  0.0000000      0.0000000      0.0000000      0.0000000    
  0.0000000      0.0000000      0.0000000      0.0000000    
  0.0000000      0.0000000       23250.00      0.0000000    
  0.0000000      0.0000000      0.0000000      0.0000000    
  0.0000000      0.0000000      0.0000000      0.0000000    
  0.0000000      0.0000000      0.0000000      0.0000000    
  0.0000000      0.0000000      0.0000000      0.0000000    
   23250.00      0.0000000      0.0000000      0.0000000    
  0.0000000      0.0000000      0.0000000      0.0000000    
  0.0000000      0.0000000      0.0000000      0.0000000    
  0.0000000      0.0000000      0.0000000      0.0000000    
  0.0000000      0.0000000       23250.00      0.0000000    
  0.0000000      0.0000000      0.0000000      0.0000000    
  0.0000000      0.0000000      0.0000000      0.0000000    
  0.0000000      0.0000000      0.0000000      0.0000000    
  0.0000000      0.0000000      0.0000000      0.0000000    
   23250.00      0.0000000      0.0000000      0.0000000    
  0.0000000      0.0000000      0.0000000      0.0000000    
  0.0000000      0.0000000      0.0000000      0.0000000    
  0.0000000      0.0000000      0.0000000      0.0000000    
  0.0000000      0.0000000       23250.00      0.0000000    
  0.0000000      0.0000000      0.0000000      0.0000000    
  0.0000000      0.0000000      0.0000000      0.0000000    
  0.0000000      0.0000000      0.0000000      0.0000000    
  0.0000000      0.0000000      0.0000000      0.0000000    
   2325.000      0.0000000      0.0000000      0.0000000    
  0.0000000      0.0000000      0.0000000      0.0000000    
  0.0000000      0.0000000      0.0000000      0.0000000    
  0.0000000      0.0000000      0.0000000      0.0000000    
  0.0000000      0.0000000       2251.767      0.0000000    
  0.0000000      0.0000000      0.0000000      0.0000000    
  0.0000000      0.0000000      0.0000000      0.0000000    
  0.0000000      0.0000000      0.0000000      0.0000000    
  0.0000000      0.0000000      0.0000000      0.0000000    
   2178.251      0.0000000      0.0000000      0.0000000    
  0.0000000      0.0000000      0.0000000      0.0000000    
  0.0000000      0.0000000      0.0000000      0.0000000    
  0.0000000      0.0000000      0.0000000      0.0000000    
  0.0000000      0.0000000       2104.450      0.0000000    
  0.0000000      0.0000000      0.0000000      0.0000000    
  0.0000000      0.0000000      0.0000000      0.0000000    
  0.0000000      0.0000000      0.0000000      0.0000000    
  0.0000000      0.0000000      0.0000000      0.0000000    
   2030.363      0.0000000      0.0000000      0.0000000    
  0.0000000      0.0000000      0.0000000      0.0000000    
  0.0000000      0.0000000      0.0000000      0.0000000    
  0.0000000      0.0000000      0.0000000      0.0000000    
  0.0000000      0.0000000       1955.988      0.0000000    
  0.0000000      0.0000000      0.0000000      0.0000000    
  0.0000000      0.0000000      0.0000000      0.0000000    
  0.0000000      0.0000000      0.0000000      0.0000000    
  0.0000000      0.0000000      0.0000000      0.0000000    
   1881.326      0.0000000      0.0000000      0.0000000    
  0.0000000      0.0000000      0.0000000      0.0000000    
  0.0000000      0.0000000      0.0000000      0.0000000    
  0.0000000      0.0000000      0.0000000      0.0000000    
  0.0000000      0.0000000       1806.374      0.0000000    
  0.0000000      0.0000000      0.0000000      0.0000000    
  0.0000000      0.0000000      0.0000000      0.0000000    
  0.0000000      0.0000000      0.0000000      0.0000000    
  0.0000000      0.0000000      0.0000000      0.0000000    
   1731.132      0.0000000      0.0000000      0.0000000    
  0.0000000      0.0000000      0.0000000      0.0000000    
  0.0000000      0.0000000      0.0000000      0.0000000    
  0.0000000      0.0000000      0.0000000      0.0000000    
  0.0000000      0.0000000       1655.598      0.0000000    
  0.0000000      0.0000000      0.0000000      0.0000000    
  0.0000000      0.0000000      0.0000000      0.0000000    
  0.0000000      0.0000000      0.0000000      0.0000000    
  0.0000000      0.0000000      0.0000000      0.0000000    
   1579.772      0.0000000      0.0000000      0.0000000    
  0.0000000      0.0000000      0.0000000      0.0000000    
  0.0000000      0.0000000      0.0000000      0.0000000    
  0.0000000      0.0000000      0.0000000      0.0000000    
  0.0000000      0.0000000       1503.651      0.0000000    
  0.0000000      0.0000000      0.0000000      0.0000000    
  0.0000000      0.0000000      0.0000000      0.0000000    
  0.0000000      0.0000000      0.0000000      0.0000000    
  0.0000000      0.0000000      0.0000000      0.0000000    
   1427.236      0.0000000      0.0000000      0.0000000    
  0.0000000      0.0000000      0.0000000      0.0000000    
  0.0000000      0.0000000      0.0000000      0.0000000    
  0.0000000      0.0000000      0.0000000      0.0000000    
  0.0000000      0.0000000       1350.525      0.0000000    
  0.0000000      0.0000000      0.0000000      0.0000000    
  0.0000000      0.0000000      0.0000000      0.0000000    
  0.0000000      0.0000000      0.0000000      0.0000000    
  0.0000000      0.0000000      0.0000000      0.0000000    
   1273.516      0.0000000      0.0000000      0.0000000    
  0.0000000      0.0000000      0.0000000      0.0000000    
  0.0000000      0.0000000      0.0000000      0.0000000    
  0.0000000      0.0000000      0.0000000      0.0000000    
  0.0000000      0.0000000       1196.209      0.0000000    
  0.0000000      0.0000000      0.0000000      0.0000000    
  0.0000000      0.0000000      0.0000000      0.0000000    
  0.0000000      0.0000000      0.0000000      0.0000000    
  0.0000000      0.0000000      0.0000000      0.0000000    
   1118.602      0.0000000      0.0000000      0.0000000    
  0.0000000      0.0000000      0.0000000      0.0000000    
  0.0000000      0.0000000      0.0000000      0.0000000    
  0.0000000      0.0000000      0.0000000      0.0000000    
  0.0000000      0.0000000       1040.695      0.0000000    
  0.0000000      0.0000000      0.0000000      0.0000000    
  0.0000000      0.0000000      0.0000000      0.0000000    
  0.0000000      0.0000000      0.0000000      0.0000000    
  0.0000000      0.0000000      0.0000000      0.0000000    
   962.4856      0.0000000      0.0000000      0.0000000    
  0.0000000      0.0000000      0.0000000      0.0000000    
  0.0000000      0.0000000      0.0000000      0.0000000    
  0.0000000      0.0000000      0.0000000      0.0000000    
  0.0000000      0.0000000       883.9733      0.0000000    
  0.0000000      0.0000000      0.0000000      0.0000000    
  0.0000000      0.0000000      0.0000000      0.0000000    
  0.0000000      0.0000000      0.0000000      0.0000000    
  0.0000000      0.0000000      0.0000000      0.0000000    
   805.1568      0.0000000      0.0000000      0.0000000    
  0.0000000      0.0000000      0.0000000      0.0000000    
  0.0000000      0.0000000      0.0000000      0.0000000    
  0.0000000      0.0000000      0.0000000      0.0000000    
  0.0000000      0.0000000       726.0348      0.0000000    
  0.0000000      0.0000000      0.0000000      0.0000000    
  0.0000000      0.0000000      0.0000000      0.0000000    
  0.0000000      0.0000000      0.0000000      0.0000000    
  0.0000000      0.0000000      0.0000000      0.0000000    
   646.6063      0.0000000      0.0000000      0.0000000    
  0.0000000      0.0000000      0.0000000      0.0000000    
  0.0000000      0.0000000      0.0000000      0.0000000    
  0.0000000      0.0000000      0.0000000      0.0000000    
  0.0000000      0.0000000       566.8699      0.0000000    
  0.0000000      0.0000000      0.0000000      0.0000000    
  0.0000000      0.0000000      0.0000000      0.0000000    
  0.0000000      0.0000000      0.0000000      0.0000000    
  0.0000000      0.0000000      0.0000000      0.0000000    
   486.8246      0.0000000      0.0000000      0.0000000    
  0.0000000      0.0000000      0.0000000      0.0000000    
  0.0000000      0.0000000      0.0000000      0.0000000    
  0.0000000      0.0000000      0.0000000      0.0000000    
  0.0000000      0.0000000       406.4691      0.0000000    
  0.0000000      0.0000000      0.0000000      0.0000000    
  0.0000000      0.0000000      0.0000000      0.0000000    
  0.0000000      0.0000000      0.0000000      0.0000000    
  0.0000000      0.0000000      0.0000000      0.0000000    
   325.8023      0.0000000      0.0000000      0.0000000    
  0.0000000      0.0000000      0.0000000      0.0000000    
  0.0000000      0.0000000      0.0000000      0.0000000    
  0.0000000      0.0000000      0.0000000      0.0000000    
  0.0000000      0.0000000       244.8228      0.0000000    
  0.0000000      0.0000000      0.0000000      0.0000000    
  0.0000000      0.0000000      0.0000000      0.0000000    
  0.0000000      0.0000000      0.0000000      0.0000000    
  0.0000000      0.0000000      0.0000000      0.0000000    
   163.5296      0.0000000      0.0000000      0.0000000    
  0.0000000      0.0000000      0.0000000      0.0000000    
  0.0000000      0.0000000      0.0000000      0.0000000    
  0.0000000      0.0000000      0.0000000      0.0000000    
  0.0000000      0.0000000       81.92130      0.0000000    
  0.0000000      0.0000000      0.0000000      0.0000000    
  0.0000000      0.0000000      0.0000000      0.0000000    
  0.0000000      0.0000000      0.0000000      0.0000000    
  0.0000000      0.0000000      0.0000000      0.0000000    
  0.0000000      0.0000000      0.0000000      0.0000000    
  0.0000000      0.0000000      0.0000000      0.0000000    
  0.0000000      0.0000000      0.0000000      0.0000000    
  0.0000000      0.0000000      0.0000000      0.0000000    
  0.0000000      0.0000000      0.0000000      0.0000000    
  0.0000000      0.0000000      0.0000000      0.0000000    
  0.0000000      0.0000000      0.0000000      0.0000000    
  0.0000000      0.0000000      0.0000000      0.0000000    
  0.0000000      0.0000000      0.0000000      0.0000000    
  0.0000000      0.0000000      0.0000000      0.0000000    
  0.0000000      0.0000000      0.0000000      0.0000000    
  0.0000000      0.0000000      0.0000000      0.0000000    
  0.0000000      0.0000000      0.0000000      0.0000000    
  0.0000000      0.0000000      0.0000000      0.0000000    
  0.0000000      0.0000000      0.0000000      0.0000000    
  0.0000000      0.0000000      0.0000000      0.0000000    
  0.0000000      0.0000000      0.0000000      0.0000000    
  0.0000000      0.0000000      0.0000000      0.0000000    
  0.0000000      0.0000000      0.0000000      0.0000000    
  0.0000000      0.0000000      0.0000000      0.0000000    
  0.0000000      0.0000000      0.0000000      0.0000000    
  0.0000000      0.0000000      0.0000000      0.0000000    
  0.0000000      0.0000000      0.0000000      0.0000000    
  0.0000000      0.0000000      0.0000000      0.0000000    
  0.0000000      0.0000000      0.0000000      0.0000000    
  0.0000000      0.0000000      0.0000000      0.0000000    
  0.0000000      0.0000000      0.0000000      0.0000000    
  0.0000000      0.0000000      0.0000000      0.0000000    
  0.0000000      0.0000000      0.0000000      0.0000000    
  0.0000000      0.0000000      0.0000000      0.0000000    
  0.0000000      0.0000000      0.0000000      0.0000000    
  0.0000000      0.0000000      0.0000000      0.0000000    
  0.0000000      0.0000000      0.0000000      0.0000000    
  0.0000000      0.0000000      0.0000000      0.0000000    
  0.0000000      0.0000000      0.0000000      0.0000000    
  0.0000000      0.0000000      0.0000000      0.0000000    
  0.0000000      0.0000000      0.0000000      0.0000000    
  0.0000000      0.0000000      0.0000000      0.0000000    
  0.0000000      0.0000000      0.0000000      0.0000000    
  0.0000000      0.0000000      0.0000000      0.0000000    
  0.0000000      0.0000000      0.0000000      0.0000000    
  0.0000000      0.0000000      0.0000000      0.0000000    
  0.0000000      0.0000000      0.0000000      0.0000000    
  0.0000000      0.0000000      0.0000000      0.0000000    
  0.0000000      0.0000000      0.0000000      0.0000000    
  0.0000000      0.0000000      0.0000000      0.0000000    
  0.0000000      0.0000000      0.0000000      0.0000000    
  0.0000000      0.0000000      0.0000000      0.0000000    
  0.0000000      0.0000000      0.0000000      0.0000000    
  0.0000000      0.0000000      0.0000000      0.0000000    
  0.0000000      0.0000000      0.0000000      0.0000000    
  0.0000000      0.0000000      0.0000000      0.0000000    
  0.0000000      0.0000000      0.0000000      0.0000000    
  0.0000000      0.0000000      0.0000000      0.0000000    
  0.0000000      0.0000000      0.0000000      0.0000000    
  0.0000000      0.0000000      0.0000000      0.0000000    
  0.0000000      0.0000000      0.0000000      0.0000000    
  0.0000000      0.0000000      0.0000000      0.0000000    
  0.0000000      0.0000000      0.0000000      0.0000000    
  0.0000000      0.0000000      0.0000000      0.0000000    
  0.0000000      0.0000000      0.0000000      0.0000000    
  0.0000000      0.0000000      0.0000000      0.0000000    
  0.0000000      0.0000000      0.0000000      0.0000000    
  0.0000000      0.0000000      0.0000000      0.0000000    
  0.0000000      0.0000000      0.0000000      0.0000000    
  0.0000000      0.0000000      0.0000000      0.0000000    
  0.0000000      0.0000000      0.0000000      0.0000000    
  0.0000000      0.0000000      0.0000000      0.0000000    
  0.0000000      0.0000000      0.0000000      0.0000000    
  0.0000000      0.0000000      0.0000000      0.0000000    
  0.0000000      0.0000000      0.0000000      0.0000000    
  0.0000000      0.0000000      0.0000000      0.0000000    
  0.0000000      0.0000000      0.0000000      0.0000000    
  0.0000000      0.0000000      0.0000000      0.0000000    
  0.0000000      0.0000000      0.0000000      0.0000000    
  0.0000000      0.0000000      0.0000000      0.0000000    
  0.0000000      0.0000000      0.0000000      0.0000000    
  0.0000000      0.0000000      0.0000000      0.0000000    
  0.0000000      0.0000000      0.0000000      0.0000000    
  0.0000000      0.0000000      0.0000000      0.0000000    
  0.0000000      0.0000000      0.0000000      0.0000000    
  0.0000000      0.0000000      0.0000000      0.0000000    
  0.0000000      0.0000000      0.0000000      0.0000000    
  0.0000000      0.0000000      0.0000000      0.0000000    
  0.0000000      0.0000000      0.0000000      0.0000000    
  0.0000000      0.0000000      0.0000000      0.0000000    
  0.0000000      0.0000000      0.0000000      0.0000000    
  0.0000000      0.0000000      0.0000000      0.0000000    
  0.0000000      0.0000000      0.0000000      0.0000000    
  0.0000000      0.0000000      0.0000000      0.0000000    
  0.0000000      0.0000000      0.0000000      0.0000000    
  0.0000000      0.0000000      0.0000000      0.0000000    
  0.0000000      0.0000000      0.0000000      0.0000000    
  0.0000000      0.0000000      0.0000000      0.0000000    
  0.0000000      0.0000000      0.0000000      0.0000000    
  0.0000000      0.0000000      0.0000000      0.0000000    
  0.0000000      0.0000000      0.0000000      0.0000000    
  0.0000000      0.0000000      0.0000000      0.0000000    
  0.0000000      0.0000000      0.0000000      0.0000000    
  0.0000000      0.0000000      0.0000000      0.0000000    
  0.0000000      0.0000000      0.0000000      0.0000000    
  0.0000000      0.0000000      0.0000000      0.0000000    
  0.0000000      0.0000000      0.0000000      0.0000000    
  0.0000000      0.0000000      0.0000000      0.0000000    
  0.0000000      0.0000000      0.0000000      0.0000000    
  0.0000000      0.0000000      0.0000000      0.0000000    
  0.0000000      0.0000000      0.0000000      0.0000000    
  0.0000000      0.0000000      0.0000000      0.0000000    
  0.0000000      0.0000000      0.0000000      0.0000000    
  0.0000000      0.0000000      0.0000000      0.0000000    
  0.0000000      0.0000000      0.0000000      0.0000000    
  0.0000000      0.0000000      0.0000000      0.0000000    
  0.0000000      0.0000000      0.0000000      0.0000000    
  0.0000000      0.0000000      0.0000000      0.0000000    
  0.0000000      0.0000000      0.0000000      0.0000000    
  0.0000000      0.0000000      0.0000000      0.0000000    
  0.0000000      0.0000000      0.0000000      0.0000000    
  0.0000000      0.0000000      0.0000000      0.0000000    
  0.0000000      0.0000000      0.0000000      0.0000000    
  0.0000000      0.0000000      0.0000000      0.0000000    
  0.0000000      0.0000000      0.0000000      0.0000000    
  0.0000000      0.0000000      0.0000000      0.0000000    
  0.0000000      0.0000000      0.0000000      0.0000000    
  0.0000000      0.0000000      0.0000000      0.0000000    
  0.0000000      0.0000000      0.0000000      0.0000000    
  0.0000000      0.0000000      0.0000000      0.0000000    
  0.0000000      0.0000000      0.0000000      0.0000000    
  0.0000000      0.0000000      0.0000000      0.0000000    
  0.0000000      0.0000000      0.0000000      0.0000000    
  0.0000000      0.0000000      0.0000000      0.0000000    
  0.0000000      0.0000000      0.0000000      0.0000000    
  0.0000000      0.0000000      0.0000000      0.0000000    
  0.0000000      0.0000000      0.0000000      0.0000000    
  0.0000000      0.0000000      0.0000000      0.0000000    
  0.0000000      0.0000000      0.0000000      0.0000000    
  0.0000000      0.0000000      0.0000000      0.0000000    
  0.0000000      0.0000000      0.0000000      0.0000000    
  0.0000000      0.0000000      0.0000000      0.0000000    
  0.0000000      0.0000000      0.0000000      0.0000000    
  0.0000000      0.0000000      0.0000000      0.0000000    
  0.0000000      0.0000000      0.0000000      0.0000000    
  0.0000000      0.0000000      0.0000000      0.0000000    
  0.0000000      0.0000000      0.0000000      0.0000000    
  0.0000000      0.0000000      0.0000000      0.0000000    
  0.0000000      0.0000000      0.0000000      0.0000000    
  0.0000000      0.0000000      0.0000000      0.0000000    
  0.0000000      0.0000000      0.0000000      0.0000000    
  0.0000000      0.0000000      0.0000000      0.0000000    
  0.0000000      0.0000000      0.0000000      0.0000000    
  0.0000000      0.0000000      0.0000000      0.0000000    
  0.0000000      0.0000000      0.0000000      0.0000000    
  0.0000000      0.0000000      0.0000000      0.0000000    
  0.0000000      0.0000000      0.0000000      0.0000000    
  0.0000000      0.0000000      0.0000000      0.0000000    
  0.0000000      0.0000000      0.0000000      0.0000000    
  0.0000000      0.0000000      0.0000000      0.0000000    
  0.0000000      0.0000000      0.0000000      0.0000000    
  0.0000000      0.0000000      0.0000000      0.0000000    
  0.0000000      0.0000000      0.0000000      0.0000000    
  0.0000000      0.0000000      0.0000000      0.0000000    
  0.0000000      0.0000000      0.0000000      0.0000000    
  0.0000000      0.0000000      0.0000000      0.0000000    
  0.0000000      0.0000000      0.0000000      0.0000000    
  0.0000000      0.0000000      0.0000000      0.0000000    
  0.0000000      0.0000000      0.0000000      0.0000000    
  0.0000000      0.0000000      0.0000000      0.0000000    
  0.0000000      0.0000000      0.0000000      0.0000000    
  0.0000000      0.0000000      0.0000000      0.0000000    
  0.0000000      0.0000000      0.0000000      0.0000000    
  0.0000000      0.0000000      0.0000000      0.0000000    
  0.0000000      0.0000000      0.0000000      0.0000000    
  0.0000000      0.0000000      0.0000000      0.0000000    
  0.0000000      0.0000000      0.0000000      0.0000000    
  0.0000000      0.0000000      0.0000000      0.0000000    
  0.0000000      0.0000000      0.0000000      0.0000000    
  0.0000000      0.0000000      0.0000000      0.0000000    
  0.0000000      0.0000000      0.0000000      0.0000000    
  0.0000000      0.0000000      0.0000000      0.0000000    
  0.0000000      0.0000000      0.0000000      0.0000000    
  0.0000000      0.0000000      0.0000000      0.0000000    
  0.0000000      0.0000000      0.0000000      0.0000000    
  0.0000000      0.0000000      0.0000000      0.0000000    
  0.0000000      0.0000000      0.0000000      0.0000000    
  0.0000000      0.0000000      0.0000000      0.0000000    
  0.0000000      0.0000000      0.0000000      0.0000000    
  0.0000000      0.0000000      0.0000000      0.0000000    
  0.0000000      0.0000000      0.0000000      0.0000000    
  0.0000000      0.0000000      0.0000000      0.0000000    
  0.0000000      0.0000000      0.0000000      0.0000000    
  0.0000000      0.0000000      0.0000000      0.0000000    
  0.0000000      0.0000000      0.0000000      0.0000000    
  0.0000000      0.0000000      0.0000000      0.0000000    
  0.0000000      0.0000000      0.0000000      0.0000000    
  0.0000000      0.0000000      0.0000000      0.0000000    
  0.0000000      0.0000000      0.0000000      0.0000000    
  0.0000000      0.0000000      0.0000000      0.0000000    
  0.0000000      0.0000000      0.0000000      0.0000000    
  0.0000000      0.0000000      0.0000000      0.0000000    
  0.0000000      0.0000000      0.0000000      0.0000000    
  0.0000000      0.0000000      0.0000000      0.0000000    
  0.0000000      0.0000000      0.0000000      0.0000000    
  0.0000000      0.0000000      0.0000000      0.0000000    
  0.0000000      0.0000000      0.0000000      0.0000000    
  0.0000000      0.0000000      0.0000000      0.0000000    
  0.0000000      0.0000000      0.0000000      0.0000000    
  0.0000000      0.0000000      0.0000000      0.0000000    
  0.0000000      0.0000000      0.0000000      0.0000000    
  0.0000000      0.0000000      0.0000000      0.0000000    
  0.0000000      0.0000000      0.0000000      0.0000000    
  0.0000000      0.0000000      0.0000000      0.0000000    
  0.0000000      0.0000000      0.0000000      0.0000000    
  0.0000000      0.0000000      0.0000000      0.0000000    
  0.0000000      0.0000000      0.0000000      0.0000000    
  0.0000000      0.0000000      0.0000000      0.0000000    
  0.0000000      0.0000000      0.0000000      0.0000000    
  0.0000000      0.0000000      0.0000000      0.0000000    
  0.0000000      0.0000000      0.0000000      0.0000000    
  0.0000000      0.0000000      0.0000000      0.0000000    
  0.0000000      0.0000000      0.0000000      0.0000000    
  0.0000000      0.0000000      0.0000000      0.0000000    
  0.0000000      0.0000000      0.0000000      0.0000000    
  0.0000000      0.0000000      0.0000000      0.0000000    
  0.0000000      0.0000000      0.0000000      0.0000000    
  0.0000000      0.0000000      0.0000000      0.0000000    
  0.0000000      0.0000000      0.0000000      0.0000000    
  0.0000000      0.0000000      0.0000000      0.0000000    
  0.0000000      0.0000000       18898.73      0.0000000    
  0.0000000      0.0000000      0.0000000      0.0000000    
  0.0000000      0.0000000      0.0000000      0.0000000    
  0.0000000      0.0000000      0.0000000      0.0000000    
  0.0000000      0.0000000      0.0000000      0.0000000    
   18971.96      0.0000000      0.0000000      0.0000000    
  0.0000000      0.0000000      0.0000000      0.0000000    
  0.0000000      0.0000000      0.0000000      0.0000000    
  0.0000000      0.0000000      0.0000000      0.0000000    
  0.0000000      0.0000000       19045.47      0.0000000    
  0.0000000      0.0000000      0.0000000      0.0000000    
  0.0000000      0.0000000      0.0000000      0.0000000    
  0.0000000      0.0000000      0.0000000      0.0000000    
  0.0000000      0.0000000      0.0000000      0.0000000    
   19119.28      0.0000000      0.0000000      0.0000000    
  0.0000000      0.0000000      0.0000000      0.0000000    
  0.0000000      0.0000000      0.0000000      0.0000000    
  0.0000000      0.0000000      0.0000000      0.0000000    
  0.0000000      0.0000000       19193.36      0.0000000    
  0.0000000      0.0000000      0.0000000      0.0000000    
  0.0000000      0.0000000      0.0000000      0.0000000    
  0.0000000      0.0000000      0.0000000      0.0000000    
  0.0000000      0.0000000      0.0000000      0.0000000    
   19267.74      0.0000000      0.0000000      0.0000000    
  0.0000000      0.0000000      0.0000000      0.0000000    
  0.0000000      0.0000000      0.0000000      0.0000000    
  0.0000000      0.0000000      0.0000000      0.0000000    
  0.0000000      0.0000000       19342.40      0.0000000    
  0.0000000      0.0000000      0.0000000      0.0000000    
  0.0000000      0.0000000      0.0000000      0.0000000    
  0.0000000      0.0000000      0.0000000      0.0000000    
  0.0000000      0.0000000      0.0000000      0.0000000    
   19417.35      0.0000000      0.0000000      0.0000000    
  0.0000000      0.0000000      0.0000000      0.0000000    
  0.0000000      0.0000000      0.0000000      0.0000000    
  0.0000000      0.0000000      0.0000000      0.0000000    
  0.0000000      0.0000000       19492.59      0.0000000    
  0.0000000      0.0000000      0.0000000      0.0000000    
  0.0000000      0.0000000      0.0000000      0.0000000    
  0.0000000      0.0000000      0.0000000      0.0000000    
  0.0000000      0.0000000      0.0000000      0.0000000    
   19568.13      0.0000000      0.0000000      0.0000000    
  0.0000000      0.0000000      0.0000000      0.0000000    
  0.0000000      0.0000000      0.0000000      0.0000000    
  0.0000000      0.0000000      0.0000000      0.0000000    
  0.0000000      0.0000000       19643.95      0.0000000    
  0.0000000      0.0000000      0.0000000      0.0000000    
  0.0000000      0.0000000      0.0000000      0.0000000    
  0.0000000      0.0000000      0.0000000      0.0000000    
  0.0000000      0.0000000      0.0000000      0.0000000    
   19720.07      0.0000000      0.0000000      0.0000000    
  0.0000000      0.0000000      0.0000000      0.0000000    
  0.0000000      0.0000000      0.0000000      0.0000000    
  0.0000000      0.0000000      0.0000000      0.0000000    
  0.0000000      0.0000000       19796.49      0.0000000    
  0.0000000      0.0000000      0.0000000      0.0000000    
  0.0000000      0.0000000      0.0000000      0.0000000    
  0.0000000      0.0000000      0.0000000      0.0000000    
  0.0000000      0.0000000      0.0000000      0.0000000    
   19873.20      0.0000000      0.0000000      0.0000000    
  0.0000000      0.0000000      0.0000000      0.0000000    
  0.0000000      0.0000000      0.0000000      0.0000000    
  0.0000000      0.0000000      0.0000000      0.0000000    
  0.0000000      0.0000000       19950.21      0.0000000    
  0.0000000      0.0000000      0.0000000      0.0000000    
  0.0000000      0.0000000      0.0000000      0.0000000    
  0.0000000      0.0000000      0.0000000      0.0000000    
  0.0000000      0.0000000      0.0000000      0.0000000    
   20027.52      0.0000000      0.0000000      0.0000000    
  0.0000000      0.0000000      0.0000000      0.0000000    
  0.0000000      0.0000000      0.0000000      0.0000000    
  0.0000000      0.0000000      0.0000000      0.0000000    
  0.0000000      0.0000000       20105.12      0.0000000    
  0.0000000      0.0000000      0.0000000      0.0000000    
  0.0000000      0.0000000      0.0000000      0.0000000    
  0.0000000      0.0000000      0.0000000      0.0000000    
  0.0000000      0.0000000      0.0000000      0.0000000    
   20183.03      0.0000000      0.0000000      0.0000000    
  0.0000000      0.0000000      0.0000000      0.0000000    
  0.0000000      0.0000000      0.0000000      0.0000000    
  0.0000000      0.0000000      0.0000000      0.0000000    
  0.0000000      0.0000000       20261.24      0.0000000    
  0.0000000      0.0000000      0.0000000      0.0000000    
  0.0000000      0.0000000      0.0000000      0.0000000    
  0.0000000      0.0000000      0.0000000      0.0000000    
  0.0000000      0.0000000      0.0000000      0.0000000    
   20339.75      0.0000000      0.0000000      0.0000000    
  0.0000000      0.0000000      0.0000000      0.0000000    
  0.0000000      0.0000000      0.0000000      0.0000000    
  0.0000000      0.0000000      0.0000000      0.0000000    
  0.0000000      0.0000000       20418.57      0.0000000    
  0.0000000      0.0000000      0.0000000      0.0000000    
  0.0000000      0.0000000      0.0000000      0.0000000    
  0.0000000      0.0000000      0.0000000      0.0000000    
  0.0000000      0.0000000      0.0000000      0.0000000    
   20497.69      0.0000000      0.0000000      0.0000000    
  0.0000000      0.0000000      0.0000000      0.0000000    
  0.0000000      0.0000000      0.0000000      0.0000000    
  0.0000000      0.0000000      0.0000000      0.0000000    
  0.0000000      0.0000000       20577.12      0.0000000    
  0.0000000      0.0000000      0.0000000      0.0000000    
  0.0000000      0.0000000      0.0000000      0.0000000    
  0.0000000      0.0000000      0.0000000      0.0000000    
  0.0000000      0.0000000      0.0000000      0.0000000    
   20656.86      0.0000000      0.0000000      0.0000000    
  0.0000000      0.0000000      0.0000000      0.0000000    
  0.0000000      0.0000000      0.0000000      0.0000000    
  0.0000000      0.0000000      0.0000000      0.0000000    
  0.0000000      0.0000000       20736.90      0.0000000    
  0.0000000      0.0000000      0.0000000      0.0000000    
  0.0000000      0.0000000      0.0000000      0.0000000    
  0.0000000      0.0000000      0.0000000      0.0000000    
  0.0000000      0.0000000      0.0000000      0.0000000    
   20817.26      0.0000000      0.0000000      0.0000000    
  0.0000000      0.0000000      0.0000000      0.0000000    
  0.0000000      0.0000000      0.0000000      0.0000000    
  0.0000000      0.0000000      0.0000000      0.0000000    
  0.0000000      0.0000000       20897.92      0.0000000    
  0.0000000      0.0000000      0.0000000      0.0000000    
  0.0000000      0.0000000      0.0000000      0.0000000    
  0.0000000      0.0000000      0.0000000      0.0000000    
  0.0000000      0.0000000      0.0000000      0.0000000    
   20978.90      0.0000000      0.0000000      0.0000000    
  0.0000000      0.0000000      0.0000000      0.0000000    
  0.0000000      0.0000000      0.0000000      0.0000000    
  0.0000000      0.0000000      0.0000000      0.0000000    
  0.0000000      0.0000000       21060.20      0.0000000    
  0.0000000      0.0000000      0.0000000      0.0000000    
  0.0000000      0.0000000      0.0000000      0.0000000    
  0.0000000      0.0000000      0.0000000      0.0000000    
  0.0000000      0.0000000      0.0000000      0.0000000    
   21141.80      0.0000000      0.0000000      0.0000000    
  0.0000000      0.0000000      0.0000000      0.0000000    
  0.0000000      0.0000000      0.0000000      0.0000000    
  0.0000000      0.0000000      0.0000000      0.0000000    
  0.0000000      0.0000000      0.0000000      0.0000000    
  0.0000000      0.0000000      0.0000000      0.0000000    
  0.0000000      0.0000000      0.0000000      0.0000000    
  0.0000000      0.0000000      0.0000000      0.0000000    
  0.0000000      0.0000000      0.0000000      0.0000000    
  0.0000000      0.0000000      0.0000000      0.0000000    
  0.0000000      0.0000000      0.0000000      0.0000000    
  0.0000000      0.0000000      0.0000000      0.0000000    
  0.0000000      0.0000000      0.0000000      0.0000000    
  0.0000000      0.0000000      0.0000000      0.0000000    
  0.0000000      0.0000000      0.0000000      0.0000000    
  0.0000000      0.0000000      0.0000000      0.0000000    
  0.0000000      0.0000000      0.0000000      0.0000000    
  0.0000000      0.0000000      0.0000000      0.0000000    
  0.0000000      0.0000000      0.0000000      0.0000000    
  0.0000000      0.0000000      0.0000000      0.0000000    
  0.0000000      0.0000000      0.0000000      0.0000000    
  0.0000000      0.0000000      0.0000000      0.0000000    
  0.0000000      0.0000000      0.0000000      0.0000000    
  0.0000000      0.0000000      0.0000000      0.0000000    
  0.0000000      0.0000000      0.0000000      0.0000000    
  0.0000000      0.0000000      0.0000000      0.0000000    
  0.0000000      0.0000000      0.0000000      0.0000000    
  0.0000000      0.0000000      0.0000000      0.0000000    
  0.0000000      0.0000000      0.0000000      0.0000000    
  0.0000000      0.0000000      0.0000000      0.0000000    
  0.0000000      0.0000000      0.0000000      0.0000000    
  0.0000000      0.0000000      0.0000000      0.0000000    
  0.0000000      0.0000000      0.0000000      0.0000000    
  0.0000000      0.0000000      0.0000000      0.0000000    
  0.0000000      0.0000000      0.0000000      0.0000000    
  0.0000000      0.0000000      0.0000000      0.0000000    
  0.0000000      0.0000000      0.0000000      0.0000000    
  0.0000000      0.0000000      0.0000000      0.0000000    
  0.0000000      0.0000000      0.0000000      0.0000000    
  0.0000000      0.0000000      0.0000000      0.0000000    
  0.0000000      0.0000000      0.0000000      0.0000000    
  0.0000000      0.0000000      0.0000000      0.0000000    
  0.0000000      0.0000000      0.0000000      0.0000000    
  0.0000000      0.0000000      0.0000000      0.0000000    
  0.0000000      0.0000000      0.0000000      0.0000000    
  0.0000000      0.0000000      0.0000000      0.0000000    
  0.0000000      0.0000000      0.0000000      0.0000000    
  0.0000000      0.0000000      0.0000000      0.0000000    
  0.0000000      0.0000000      0.0000000      0.0000000    
  0.0000000      0.0000000      0.0000000      0.0000000    
  0.0000000      0.0000000      0.0000000      0.0000000    
  0.0000000      0.0000000      0.0000000      0.0000000    
  0.0000000      0.0000000      0.0000000      0.0000000    
  0.0000000      0.0000000      0.0000000      0.0000000    
  0.0000000      0.0000000      0.0000000      0.0000000    
  0.0000000      0.0000000      0.0000000      0.0000000    
  0.0000000      0.0000000      0.0000000      0.0000000    
  0.0000000      0.0000000      0.0000000      0.0000000    
  0.0000000      0.0000000      0.0000000      0.0000000    
  0.0000000      0.0000000      0.0000000      0.0000000    
  0.0000000      0.0000000      0.0000000      0.0000000    
  0.0000000      0.0000000      0.0000000      0.0000000    
  0.0000000      0.0000000      0.0000000      0.0000000    
  0.0000000      0.0000000      0.0000000      0.0000000    
  0.0000000      0.0000000      0.0000000      0.0000000    
  0.0000000      0.0000000      0.0000000      0.0000000    
  0.0000000      0.0000000      0.0000000      0.0000000    
  0.0000000      0.0000000      0.0000000      0.0000000    
  0.0000000      0.0000000      0.0000000      0.0000000    
  0.0000000      0.0000000      0.0000000      0.0000000    
  0.0000000      0.0000000      0.0000000      0.0000000    
  0.0000000      0.0000000      0.0000000      0.0000000    
  0.0000000      0.0000000      0.0000000      0.0000000    
  0.0000000      0.0000000      0.0000000      0.0000000    
  0.0000000      0.0000000      0.0000000      0.0000000    
  0.0000000      0.0000000      0.0000000      0.0000000    
  0.0000000      0.0000000      0.0000000      0.0000000    
  0.0000000      0.0000000      0.0000000      0.0000000    
  0.0000000      0.0000000      0.0000000      0.0000000    
  0.0000000      0.0000000      0.0000000      0.0000000    
  0.0000000      0.0000000      0.0000000      0.0000000    
  0.0000000      0.0000000      0.0000000      0.0000000    
  0.0000000      0.0000000      0.0000000      0.0000000    
  0.0000000      0.0000000      0.0000000      0.0000000    
  0.0000000      0.0000000      0.0000000      0.0000000    
  0.0000000      0.0000000      0.0000000      0.0000000    
  0.0000000      0.0000000      0.0000000      0.0000000    
  0.0000000      0.0000000      0.0000000      0.0000000    
  0.0000000      0.0000000      0.0000000      0.0000000    
  0.0000000      0.0000000      0.0000000      0.0000000    
  0.0000000      0.0000000      0.0000000      0.0000000    
  0.0000000      0.0000000      0.0000000      0.0000000    
  0.0000000      0.0000000      0.0000000      0.0000000    
  0.0000000      0.0000000      0.0000000      0.0000000    
  0.0000000      0.0000000      0.0000000      0.0000000    
  0.0000000      0.0000000      0.0000000      0.0000000    
  0.0000000      0.0000000      0.0000000      0.0000000    
  0.0000000      0.0000000      0.0000000      0.0000000    
  0.0000000      0.0000000      0.0000000      0.0000000    
  0.0000000      0.0000000      0.0000000      0.0000000    
  0.0000000      0.0000000      0.0000000      0.0000000    
  0.0000000      0.0000000      0.0000000      0.0000000    
  0.0000000      0.0000000      0.0000000      0.0000000    
  0.0000000      0.0000000      0.0000000      0.0000000    
  0.0000000      0.0000000      0.0000000      0.0000000    
  0.0000000      0.0000000      0.0000000      0.0000000    
  0.0000000      0.0000000      0.0000000      0.0000000    
  0.0000000      0.0000000      0.0000000      0.0000000    
  0.0000000      0.0000000      0.0000000      0.0000000    
  0.0000000      0.0000000      0.0000000      0.0000000    
  0.0000000      0.0000000      0.0000000      0.0000000    
  0.0000000      0.0000000      0.0000000      0.0000000    
  0.0000000      0.0000000      0.0000000      0.0000000    
  0.0000000      0.0000000      0.0000000      0.0000000    
  0.0000000      0.0000000      0.0000000      0.0000000    
  0.0000000      0.0000000      0.0000000      0.0000000    
  0.0000000      0.0000000      0.0000000      0.0000000    
  0.0000000      0.0000000      0.0000000      0.0000000    
  0.0000000      0.0000000      0.0000000      0.0000000    
  0.0000000      0.0000000      0.0000000      0.0000000    
  0.0000000      0.0000000      0.0000000      0.0000000    
  0.0000000      0.0000000      0.0000000      0.0000000    
  0.0000000      0.0000000      0.0000000      0.0000000    
  0.0000000      0.0000000      0.0000000      0.0000000    
  0.0000000      0.0000000      0.0000000      0.0000000    
  0.0000000      0.0000000      0.0000000      0.0000000    
  0.0000000      0.0000000      0.0000000      0.0000000    
  0.0000000      0.0000000      0.0000000      0.0000000    
  0.0000000      0.0000000      0.0000000      0.0000000    
  0.0000000      0.0000000      0.0000000      0.0000000    
  0.0000000      0.0000000      0.0000000      0.0000000    
  0.0000000      0.0000000      0.0000000      0.0000000    
  0.0000000      0.0000000      0.0000000      0.0000000    
  0.0000000      0.0000000      0.0000000      0.0000000    
  0.0000000      0.0000000      0.0000000      0.0000000    
  0.0000000      0.0000000      0.0000000      0.0000000    
  0.0000000      0.0000000      0.0000000      0.0000000    
  0.0000000      0.0000000      0.0000000      0.0000000    
  0.0000000      0.0000000      0.0000000      0.0000000    
  0.0000000      0.0000000      0.0000000      0.0000000    
  0.0000000      0.0000000      0.0000000      0.0000000    
  0.0000000      0.0000000      0.0000000      0.0000000    
  0.0000000      0.0000000      0.0000000      0.0000000    
  0.0000000      0.0000000      0.0000000      0.0000000    
  0.0000000      0.0000000      0.0000000      0.0000000    
  0.0000000      0.0000000      0.0000000      0.0000000    
  0.0000000      0.0000000      0.0000000      0.0000000    
  0.0000000      0.0000000      0.0000000      0.0000000    
  0.0000000      0.0000000      0.0000000      0.0000000    
  0.0000000      0.0000000      0.0000000      0.0000000    
  0.0000000      0.0000000      0.0000000      0.0000000    
  0.0000000      0.0000000      0.0000000      0.0000000    
  0.0000000      0.0000000      0.0000000      0.0000000    
  0.0000000      0.0000000      0.0000000      0.0000000    
  0.0000000      0.0000000      0.0000000      0.0000000    
  0.0000000      0.0000000      0.0000000      0.0000000    
  0.0000000      0.0000000      0.0000000      0.0000000    
  0.0000000      0.0000000      0.0000000      0.0000000    
  0.0000000      0.0000000      0.0000000      0.0000000    
  0.0000000      0.0000000      0.0000000      0.0000000    
  0.0000000      0.0000000      0.0000000      0.0000000    
  0.0000000      0.0000000      0.0000000      0.0000000    
   +4g