    0    0
    0  200
    0  300
    0    0
    0  500
    0  600
    0  700
    0  800
    0  900
    0 1000
    0    0
    0 1200
    0 1300
    0 1400
    0 1500
    0    0
    0    0
    0 1800
    0 1900
    0    0
    0 2100
    0    0
    0    0
    0    0
    0    0
    0 2600
    0    0
    0 2800
    0    0
    0 3000
    0 3100
    0    0
    0    0
    0    0
    0 3500
    0 3600
    0    0
    0    0
    0 3900
    0    0
    0 4100
    0 4200
    0 4300
    0    0
    0 4500
    0 4600
    0    0
    0 4800
    0 4900
    0    0
    0    0
    0    0
    0    0
    0 5400
    0    0
    0 5600
    0 5700
    0 5800
    0 5900
    0    0
    0    0
    0 6200
    0 6300
    0 6400
    0 6500
    0    0
    0    0
    0 6800
    0 6900
    0    0
    0    0
    0 7200
    0 7300
    0 7400
    0 7500
    0 7600
    0    0
    0 7800
    0 7900
    0 8000
    0 8100
    0 8200
    0    0
    0 8400
    0 8500
    0    0
    0 8700
    0 8800
    0 8900
    0 9000
    0 9100
    0 9200
    0    0
    0 9400
    0 9500
    0 9600
    0 9700
    0 9800
    0    0
    0    0
    010100
    010200
    0    0
    010400
    010500
    010600
    010700
    010800
    010900
    0    0
    011100
    011200
    011300
    0    0
    011500
    0    0
    011700
    011800
    0    0
    012000
    012100
    012200
    012300
    012400
    012500
    0    0
    012700
    012800
    012900
    013000
    0    0
    0    0
  100  200
    0    0
    0    0
  100  500
    0    0
  100  700
  100  800
  100  900
    0    0
    0    0
  100 1200
  100 1300
    0    0
  100 1500
  100 1600
  100 1700
    0    0
  100 1900
  100 2000
  100 2100
    0    0
  100 2300
    0    0
  100 2500
  100 2600
  100 2700
  100 2800
  100 2900
  100 3000
  100 3100
  100 3200
    0    0
  100 3400
  100 3500
  100 3600
    0    0
  100 3800
    0    0
  100 4000
  100 4100
    0    0
  100 4300
  100 4400
  100 4500
  100 4600
    0    0
    0    0
  100 4900
    0    0
  100 5100
  100 5200
    0    0
  100 5400
    0    0
    0    0
  100 5700
    0    0
  100 5900
  100 6000
    0    0
  100 6200
  100 6300
  100 6400
    0    0
    0    0
    0    0
  100 6800
  100 6900
    0    0
    0    0
  100 7200
  100 7300
  100 7400
  100 7500
  100 7600
  100 7700
  100 7800
  100 7900
  100 8000
  100 8100
  100 8200
  100 8300
  100 8400
  100 8500
    0    0
  100 8700
  100 8800
  100 8900
  100 9000
    0    0
  100 9200
  100 9300
  100 9400
  100 9500
  100 9600
  100 9700
  100 9800
    0    0
  10010000
  10010100
  10010200
  10010300
  10010400
    0    0
  10010600
  10010700
    0    0
  10010900
  10011000
  10011100
    0    0
  10011300
  10011400
  10011500
    0    0
  10011700
  10011800
    0    0
  10012000
  10012100
  10012200
  10012300
  10012400
  10012500
  10012600
  10012700
  10012800
  10012900
  10013000
  10013100
  200  100
    0    0
  200  300
  200  400
  200  500
    0    0
  200  700
  200  800
  200  900
    0    0
  200 1100
  200 1200
    0    0
  200 1400
    0    0
  200 1600
  200 1700
    0    0
    0    0
  200 2000
  200 2100
  200 2200
    0    0
  200 2400
  200 2500
    0    0
  200 2700
  200 2800
    0    0
    0    0
    0    0
  200 3200
    0    0
  200 3400
  200 3500
  200 3600
  200 3700
  200 3800
    0    0
  200 4000
    0    0
  200 4200
    0    0
  200 4400
  200 4500
  200 4600
  200 4700
    0    0
  200 4900
  200 5000
  200 5100
    0    0
    0    0
  200 5400
  200 5500
    0    0
    0    0
  200 5800
  200 5900
    0    0
  200 6100
  200 6200
  200 6300
    0    0
    0    0
    0    0
  200 6700
    0    0
  200 6900
  200 7000
  200 7100
  200 7200
  200 7300
  200 7400
  200 7500
  200 7600
  200 7700
  200 7800
  200 7900
    0    0
    0    0
  200 8200
  200 8300
  200 8400
    0    0
  200 8600
  200 8700
  200 8800
    0    0
  200 9000
    0    0
  200 9200
  200 9300
  200 9400
  200 9500
  200 9600
    0    0
  200 9800
    0    0
    0    0
  20010100
  20010200
  20010300
    0    0
  20010500
  20010600
  20010700
  20010800
  20010900
  20011000
    0    0
  20011200
  20011300
    0    0
  20011500
  20011600
  20011700
    0    0
  20011900
  20012000
  20012100
    0    0
    0    0
  20012400
  20012500
  20012600
  20012700
    0    0
    0    0
    0    0
  20013100
  300  100
    0    0
  300  300
  300  400
  300  500
    0    0
  300  700
  300  800
    0    0
  300 1000
  300 1100
  300 1200
  300 1300
    0    0
    0    0
  300 1600
  300 1700
    0    0
    0    0
  300 2000
  300 2100
    0    0
    0    0
  300 2400
  300 2500
  300 2600
  300 2700
    0    0
    0    0
  300 3000
  300 3100
    0    0
    0    0
  300 3400
  300 3500
  300 3600
  300 3700
  300 3800
  300 3900
  300 4000
  300 4100
    0    0
    0    0
  300 4400
  300 4500
  300 4600
  300 4700
  300 4800
  300 4900
  300 5000
  300 5100
  300 5200
    0    0
  300 5400
  300 5500
  300 5600
  300 5700
  300 5800
  300 5900
    0    0
  300 6100
    0    0
  300 6300
  300 6400
    0    0
    0    0
  300 6700
    0    0
    0    0
  300 7000
  300 7100
    0    0
    0    0
  300 7400
    0    0
  300 7600
  300 7700
  300 7800
    0    0
  300 8000
  300 8100
    0    0
  300 8300
  300 8400
  300 8500
  300 8600
  300 8700
  300 8800
  300 8900
  300 9000
  300 9100
  300 9200
  300 9300
  300 9400
  300 9500
  300 9600
  300 9700
    0    0
    0    0
    0    0
  30010100
  30010200
  30010300
    0    0
  30010500
  30010600
  30010700
    0    0
  30010900
  30011000
  30011100
    0    0
  30011300
  30011400
    0    0
  30011600
    0    0
    0    0
  30011900
  30012000
    0    0
    0    0
  30012300
  30012400
  30012500
  30012600
  30012700
    0    0
  30012900
  30013000
    0    0
    0    0
  400  200
  400  300
  400  400
  400  500
  400  600
    0    0
  400  800
    0    0
    0    0
  400 1100
  400 1200
    0    0
  400 1400
  400 1500
  400 1600
  400 1700
  400 1800
  400 1900
    0    0
    0    0
  400 2200
  400 2300
  400 2400
    0    0
    0    0
  400 2700
  400 2800
    0    0
    0    0
  400 3100
  400 3200
    0    0
  400 3400
  400 3500
    0    0
  400 3700
  400 3800
  400 3900
    0    0
  400 4100
  400 4200
    0    0
  400 4400
  400 4500
  400 4600
  400 4700
  400 4800
    0    0
    0    0
    0    0
    0    0
  400 5300
    0    0
  400 5500
  400 5600
  400 5700
    0    0
    0    0
    0    0
  400 6100
  400 6200
  400 6300
  400 6400
  400 6500
    0    0
    0    0
  400 6800
    0    0
  400 7000
    0    0
  400 7200
    0    0
  400 7400
  400 7500
    0    0
  400 7700
  400 7800
    0    0
    0    0
  400 8100
  400 8200
  400 8300
  400 8400
  400 8500
    0    0
    0    0
    0    0
  400 8900
  400 9000
  400 9100
  400 9200
  400 9300
  400 9400
    0    0
    0    0
  400 9700
    0    0
    0    0
  40010000
  40010100
  40010200
  40010300
    0    0
  40010500
  40010600
  40010700
  40010800
  40010900
  40011000
    0    0
    0    0
    0    0
  40011400
    0    0
    0    0
  40011700
  40011800
  40011900
    0    0
  40012100
  40012200
  40012300
  40012400
  40012500
  40012600
  40012700
    0    0
  40012900
  40013000
  40013100
  500  100
  500  200
  500  300
  500  400
  500  500
  500  600
    0    0
    0    0
  500  900
  500 1000
  500 1100
    0    0
  500 1300
  500 1400
    0    0
    0    0
  500 1700
    0    0
  500 1900
  500 2000
    0    0
  500 2200
  500 2300
  500 2400
  500 2500
  500 2600
  500 2700
    0    0
    0    0
  500 3000
    0    0
    0    0
    0    0
  500 3400
  500 3500
    0    0
  500 3700
  500 3800
  500 3900
  500 4000
  500 4100
  500 4200
  500 4300
  500 4400
    0    0
  500 4600
  500 4700
    0    0
    0    0
  500 5000
    0    0
  500 5200
    0    0
  500 5400
    0    0
  500 5600
  500 5700
    0    0
  500 5900
    0    0
    0    0
  500 6200
    0    0
    0    0
    0    0
    0    0
    0    0
  500 6800
  500 6900
  500 7000
  500 7100
    0    0
  500 7300
  500 7400
  500 7500
  500 7600
  500 7700
    0    0
  500 7900
  500 8000
    0    0
    0    0
  500 8300
    0    0
  500 8500
  500 8600
  500 8700
    0    0
  500 8900
  500 9000
  500 9100
  500 9200
  500 9300
    0    0
  500 9500
  500 9600
    0    0
    0    0
    0    0
  50010000
  50010100
  50010200
  50010300
  50010400
  50010500
  50010600
  50010700
  50010800
    0    0
  50011000
    0    0
  50011200
  50011300
    0    0
    0    0
  50011600
    0    0
  50011800
  50011900
  50012000
    0    0
  50012200
  50012300
  50012400
  50012500
  50012600
    0    0
  50012800
  50012900
    0    0
    0    0
  600  100
  600  200
    0    0
  600  400
  600  500
  600  600
    0    0
    0    0
  600  900
    0    0
  600 1100
  600 1200
    0    0
    0    0
  600 1500
  600 1600
  600 1700
  600 1800
    0    0
  600 2000
  600 2100
  600 2200
    0    0
  600 2400
    0    0
  600 2600
  600 2700
  600 2800
    0    0
    0    0
  600 3100
  600 3200
    0    0
  600 3400
    0    0
  600 3600
  600 3700
  600 3800
  600 3900
  600 4000
  600 4100
  600 4200
    0    0
  600 4400
  600 4500
  600 4600
  600 4700
  600 4800
  600 4900
  600 5000
    0    0
  600 5200
    0    0
    0    0
  600 5500
  600 5600
    0    0
  600 5800
    0    0
  600 6000
  600 6100
    0    0
    0    0
    0    0
  600 6500
    0    0
  600 6700
    0    0
    0    0
  600 7000
  600 7100
  600 7200
  600 7300
    0    0
  600 7500
    0    0
  600 7700
  600 7800
  600 7900
    0    0
  600 8100
  600 8200
  600 8300
    0    0
  600 8500
  600 8600
  600 8700
  600 8800
  600 8900
  600 9000
  600 9100
  600 9200
  600 9300
  600 9400
  600 9500
    0    0
  600 9700
  600 9800
    0    0
  60010000
    0    0
  60010200
  60010300
  60010400
    0    0
  60010600
  60010700
  60010800
    0    0
  60011000
  60011100
  60011200
  60011300
  60011400
    0    0
  60011600
    0    0
  60011800
  60011900
  60012000
  60012100
    0    0
    0    0
  60012400
    0    0
  60012600
  60012700
  60012800
    0    0
  60013000
  60013100
    0    0
    0    0
  700  300
    0    0
  700  500
  700  600
  700  700
  700  800
    0    0
    0    0
  700 1100
  700 1200
    0    0
    0    0
  700 1500
  700 1600
    0    0
    0    0
  700 1900
  700 2000
  700 2100
  700 2200
    0    0
    0    0
  700 2500
  700 2600
  700 2700
  700 2800
    0    0
    0    0
  700 3100
  700 3200
    0    0
  700 3400
    0    0
  700 3600
    0    0
  700 3800
  700 3900
  700 4000
    0    0
  700 4200
  700 4300
    0    0
  700 4500
    0    0
    0    0
  700 4800
  700 4900
  700 5000
    0    0
  700 5200
  700 5300
    0    0
    0    0
  700 5600
  700 5700
  700 5800
  700 5900
  700 6000
  700 6100
  700 6200
  700 6300
    0    0
  700 6500
    0    0
  700 6700
    0    0
  700 6900
    0    0
  700 7100
  700 7200
  700 7300
  700 7400
  700 7500
  700 7600
  700 7700
  700 7800
    0    0
    0    0
  700 8100
  700 8200
  700 8300
    0    0
  700 8500
  700 8600
  700 8700
  700 8800
  700 8900
  700 9000
  700 9100
  700 9200
  700 9300
  700 9400
  700 9500
  700 9600
  700 9700
  700 9800
    0    0
  70010000
    0    0
  70010200
    0    0
  70010400
  70010500
  70010600
    0    0
  70010800
  70010900
  70011000
  70011100
    0    0
  70011300
  70011400
    0    0
    0    0
    0    0
  70011800
  70011900
  70012000
  70012100
  70012200
  70012300
  70012400
  70012500
  70012600
  70012700
    0    0
  70012900
  70013000
  70013100
    0    0
  800  200
  800  300
  800  400
  800  500
    0    0
    0    0
  800  800
  800  900
    0    0
  800 1100
  800 1200
  800 1300
  800 1400
  800 1500
    0    0
    0    0
  800 1800
  800 1900
  800 2000
  800 2100
    0    0
    0    0
  800 2400
  800 2500
    0    0
  800 2700
  800 2800
  800 2900
  800 3000
    0    0
    0    0
    0    0
  800 3400
  800 3500
    0    0
  800 3700
  800 3800
    0    0
    0    0
  800 4100
  800 4200
  800 4300
  800 4400
    0    0
  800 4600
    0    0
    0    0
    0    0
  800 5000
  800 5100
  800 5200
    0    0
    0    0
  800 5500
    0    0
    0    0
  800 5800
  800 5900
  800 6000
  800 6100
  800 6200
  800 6300
  800 6400
  800 6500
    0    0
    0    0
    0    0
  800 6900
    0    0
  800 7100
  800 7200
    0    0
  800 7400
  800 7500
    0    0
    0    0
  800 7800
    0    0
  800 8000
    0    0
    0    0
    0    0
  800 8400
    0    0
  800 8600
  800 8700
  800 8800
  800 8900
  800 9000
  800 9100
    0    0
  800 9300
    0    0
  800 9500
  800 9600
  800 9700
  800 9800
    0    0
    0    0
  80010100
    0    0
  80010300
  80010400
    0    0
  80010600
  80010700
    0    0
    0    0
  80011000
    0    0
  80011200
  80011300
    0    0
  80011500
  80011600
  80011700
  80011800
  80011900
  80012000
  80012100
  80012200
  80012300
  80012400
  80012500
  80012600
  80012700
  80012800
  80012900
    0    0
  80013100
  900  100
  900  200
  900  300
  900  400
  900  500
  900  600
    0    0
  900  800
  900  900
  900 1000
  900 1100
  900 1200
  900 1300
  900 1400
  900 1500
    0    0
    0    0
  900 1800
  900 1900
  900 2000
  900 2100
    0    0
    0    0
    0    0
  900 2500
  900 2600
  900 2700
  900 2800
  900 2900
    0    0
  900 3100
  900 3200
    0    0
  900 3400
  900 3500
    0    0
  900 3700
  900 3800
    0    0
    0    0
  900 4100
  900 4200
    0    0
  900 4400
    0    0
  900 4600
  900 4700
    0    0
  900 4900
  900 5000
  900 5100
  900 5200
    0    0
    0    0
  900 5500
    0    0
  900 5700
  900 5800
  900 5900
  900 6000
  900 6100
    0    0
  900 6300
  900 6400
  900 6500
    0    0
    0    0
    0    0
  900 6900
    0    0
  900 7100
  900 7200
    0    0
    0    0
    0    0
  900 7600
    0    0
  900 7800
  900 7900
  900 8000
  900 8100
  900 8200
    0    0
  900 8400
    0    0
  900 8600
  900 8700
    0    0
  900 8900
    0    0
  900 9100
    0    0
  900 9300
  900 9400
  900 9500
  900 9600
  900 9700
  900 9800
    0    0
    0    0
  90010100
    0    0
  90010300
  90010400
    0    0
  90010600
    0    0
  90010800
    0    0
  90011000
  90011100
  90011200
  90011300
  90011400
  90011500
  90011600
  90011700
  90011800
  90011900
  90012000
  90012100
  90012200
  90012300
  90012400
  90012500
  90012600
  90012700
  90012800
  90012900
    0    0
  90013100
    0    0
 1000  200
    0    0
 1000  400
 1000  500
 1000  600
    0    0
 1000  800
 1000  900
    0    0
 1000 1100
 1000 1200
    0    0
 1000 1400
    0    0
    0    0
 1000 1700
 1000 1800
    0    0
 1000 2000
    0    0
 1000 2200
    0    0
 1000 2400
    0    0
    0    0
 1000 2700
 1000 2800
    0    0
    0    0
    0    0
    0    0
    0    0
 1000 3400
 1000 3500
    0    0
 1000 3700
 1000 3800
 1000 3900
    0    0
 1000 4100
 1000 4200
    0    0
 1000 4400
 1000 4500
    0    0
 1000 4700
    0    0
    0    0
 1000 5000
    0    0
    0    0
 1000 5300
 1000 5400
    0    0
    0    0
 1000 5700
 1000 5800
    0    0
 1000 6000
    0    0
    0    0
 1000 6300
    0    0
    0    0
    0    0
 1000 6700
 1000 6800
    0    0
    0    0
 1000 7100
 1000 7200
    0    0
    0    0
    0    0
    0    0
 1000 7700
 1000 7800
    0    0
 1000 8000
    0    0
    0    0
 1000 8300
 1000 8400
    0    0
 1000 8600
 1000 8700
 1000 8800
    0    0
 1000 9000
 1000 9100
    0    0
 1000 9300
 1000 9400
    0    0
 1000 9600
    0    0
    0    0
    0    0
 100010000
 100010100
    0    0
 100010300
 100010400
 100010500
    0    0
 100010700
 100010800
    0    0
 100011000
 100011100
    0    0
 100011300
    0    0
    0    0
 100011600
 100011700
    0    0
 100011900
 100012000
 100012100
    0    0
 100012300
 100012400
    0    0
 100012600
 100012700
    0    0
 100012900
    0    0
    0    0
 1100  100
    0    0
 1100  300
 1100  400
    0    0
 1100  600
    0    0
 1100  800
 1100  900
 1100 1000
    0    0
    0    0
    0    0
 1100 1400
    0    0
 1100 1600
 1100 1700
    0    0
    0    0
 1100 2000
    0    0
    0    0
    0    0
 1100 2400
 1100 2500
    0    0
    0    0
 1100 2800
 1100 2900
 1100 3000
    0    0
 1100 3200
    0    0
 1100 3400
    0    0
 1100 3600
 1100 3700
    0    0
 1100 3900
 1100 4000
    0    0
 1100 4200
 1100 4300
 1100 4400
 1100 4500
 1100 4600
 1100 4700
    0    0
 1100 4900
    0    0
    0    0
 1100 5200
    0    0
    0    0
 1100 5500
 1100 5600
    0    0
    0    0
 1100 5900
 1100 6000
 1100 6100
 1100 6200
    0    0
    0    0
 1100 6500
    0    0
 1100 6700
    0    0
 1100 6900
 1100 7000
    0    0
    0    0
 1100 7300
 1100 7400
 1100 7500
 1100 7600
    0    0
 1100 7800
 1100 7900
 1100 8000
    0    0
    0    0
 1100 8300
    0    0
 1100 8500
 1100 8600
    0    0
 1100 8800
 1100 8900
 1100 900000 9100
 1100 9200
    0    0
 1100 9400
 1100 9500
 1100 9600
    0    0
 1100 9800
    0    0
 110010000
    0    0
 110010200
 110010300
    0    0
 110010500
    0    0
    0    0
 110010800
 110010900
    0    0
 110011100
 110011200
 110011300
    0    0
 110011500
 110011600
    0    0
 110011800
 110011900
    0    0
 110012100
 110012200
    0    0
 110012400
 110012500
 110012600
 110012700
 110012800
 110012900
    0    0
 110013100
    0    0
 1200  200
    0    0
    0    0
 1200  500
 1200  600
    0    0
 1200  800
    0    0
 1200 1000
 1200 1100
    0    0
    0    0
    0    0
 1200 1500
    0    0
    0    0
 1200 1800
    0    0
 1200 2000
    0    0
 1200 2200
    0    0
    0    0
 1200 2500
 1200 2600
    0    0
 1200 2800
 1200 2900
 1200 3000
 1200 3100
    0    0
    0    0
    0    0
 1200 3500
    0    0
    0    0
 1200 3800
 1200 3900
    0    0
 1200 4100
    0    0
 1200 4300
 1200 4400
 1200 4500
 1200 4600
 1200 4700
 1200 4800
    0    0
    0    0
    0    0
    0    0
 1200 5300
    0    0
    0    0
    0    0
    0    0
 1200 5800
    0    0
 1200 6000
 1200 6100
 1200 6200
 1200 6300
    0    0
    0    0
    0    0
    0    0
 1200 6800
    0    0
 1200 7000
 1200 7100
 1200 7200
    0    0
 1200 7400
 1200 7500
 1200 7600
 1200 7700
    0    0
 1200 7900
 1200 8000
 1200 8100
    0    0
    0    0
 1200 8400
    0    0
    0    0
    0    0
 1200 8800
    0    0
    0    0
    0    0
 1200 9200
 1200 9300
 1200 9400
 1200 9500
 1200 9600
 1200 9700
    0    0
    0    0
    0    0
 120010100
    0    0
    0    0
 120010400
 120010500
    0    0
 120010700
    0    0
 120010900
 120011000
    0    0
 120011200
 120011300
 120011400
    0    0
    0    0
 120011700
    0    0
 120011900
    0    0
 120012100
    0    0
    0    0
 120012400
 120012500
 120012600
 120012700
 120012800
 120012900
 120013000
    0    0
 1300  100
 1300  200
    0    0
 1300  400
 1300  500
 1300  600
 1300  700
 1300  800
 1300  900
 1300 1000
 1300 1100
    0    0
    0    0
 1300 1400
    0    0
 1300 1600
 1300 1700
    0    0
 1300 1900
 1300 2000
    0    0
    0    0
 1300 2300
    0    0
    0    0
 1300 2600
    0    0
 1300 2800
 1300 2900
 1300 3000
 1300 3100
 1300 3200
    0    0
 1300 3400
 1300 3500
    0    0
 1300 3700
 1300 3800
 1300 3900
 1300 4000
 1300 4100
 1300 4200
 1300 4300
 1300 4400
    0    0
    0    0
 1300 4700
 1300 4800
 1300 4900
 1300 5000
 1300 5100
 1300 5200
    0    0
 1300 5400
    0    0
    0    0
 1300 5700
    0    0
    0    0
 1300 6000
 1300 6100
 1300 6200
    0    0
 1300 6400
    0    0
    0    0
    0    0
 1300 6800
 1300 6900
 1300 7000
    0    0
 1300 7200
 1300 7300
 1300 7400
 1300 7500
 1300 7600
    0    0
    0    0
    0    0
 1300 8000
 1300 8100
 1300 8200
    0    0
 1300 8400
 1300 8500
 1300 8600
 1300 8700
    0    0
 1300 8900
    0    0
    0    0
 1300 9200
    0    0
 1300 9400
 1300 9500
 1300 9600
 1300 9700
 1300 9800
    0    0
 130010000
 130010100
 130010200
 130010300
    0    0
 130010500
 130010600
 130010700
 130010800
 130010900
    0    0
    0    0
    0    0
 130011300
 130011400
 130011500
    0    0
 130011700
 130011800
 130011900
    0    0
    0    0
 130012200
    0    0
    0    0
 130012500
 130012600
 130012700
 130012800
 130012900
 130013000
 130013100
    0    0
 1400  200
 1400  300
    0    0
 1400  500
    0    0
 1400  700
 1400  800
 1400  900
    0    0
 1400 1100
 1400 1200
 1400 1300
 1400 1400
    0    0
 1400 1600
 1400 1700
 1400 1800
 1400 1900
    0    0
 1400 2100
    0    0
 1400 2300
 1400 2400
 1400 2500
    0    0
 1400 2700
 1400 2800
 1400 2900
    0    0
 1400 3100
 1400 3200
    0    0
 1400 3400
 1400 3500
 1400 3600
    0    0
 1400 3800
    0    0
 1400 4000
 1400 4100
 1400 4200
    0    0
 1400 4400
 1400 4500
 1400 4600
 1400 4700
 1400 4800
 1400 4900
 1400 5000
    0    0
 1400 5200
    0    0
    0    0
    0    0
    0    0
 1400 5700
    0    0
    0    0
 1400 6000
    0    0
 1400 6200
 1400 6300
    0    0
 1400 6500
    0    0
 1400 6700
 1400 6800
    0    0
 1400 7000
 1400 7100
    0    0
 1400 7300
    0    0
 1400 7500
 1400 7600
    0    0
 1400 7800
    0    0
 1400 8000
    0    0
 1400 8200
 1400 8300
 1400 8400
    0    0
 1400 8600
 1400 8700
 1400 8800
 1400 8900
 1400 9000
 1400 9100
 1400 9200
    0    0
 1400 9400
    0    0
 1400 9600
 1400 9700
 1400 9800
    0    0
 140010000
 140010100
    0    0
 140010300
 140010400
 140010500
 140010600
 140010700
 140010800
 140010900
    0    0
 140011100
 140011200
 140011300
 140011400
 140011500
 140011600
 140011700
    0    0
 140011900
 140012000
 140012100
 140012200
 140012300
 140012400
 140012500
    0    0
 140012700
 140012800
 140012900
    0    0
    0    0
 1500  100
 1500  200
 1500  300
 1500  400
 1500  500
 1500  600
 1500  700
    0    0
    0    0
    0    0
 1500 1100
 1500 1200
 1500 1300
 1500 1400
    0    0
 1500 1600
    0    0
 1500 1800
 1500 1900
 1500 2000
 1500 2100
 1500 2200
 1500 2300
 1500 2400
    0    0
    0    0
 1500 2700
 1500 2800
 1500 2900
 1500 3000
 1500 3100
 1500 3200
    0    0
    0    0
 1500 3500
    0    0
 1500 3700
 1500 3800
 1500 3900
 1500 4000
    0    0
    0    0
    0    0
 1500 4400
 1500 4500
 1500 4600
 1500 4700
 1500 4800
    0    0
    0    0
 1500 5100
 1500 5200
    0    0
 1500 5400
 1500 5500
 1500 5600
 1500 5700
    0    0
 1500 5900
 1500 6000
    0    0
 1500 6200
 1500 6300
 1500 6400
 1500 6500
    0    0
    0    0
 1500 6800
 1500 6900
 1500 7000
    0    0
    0    0
 1500 7300
 1500 7400
    0    0
 1500 7600
    0    0
 1500 7800
    0    0
    0    0
    0    0
 1500 8200
    0    0
 1500 8400
 1500 8500
 1500 8600
    0    0
 1500 8800
 1500 8900
 1500 9000
    0    0
 1500 9200
    0    0
 1500 9400
 1500 9500
 1500 9600
    0    0
 1500 9800
    0    0
 150010000
 150010100
 150010200
 150010300
 150010400
    0    0
    0    0
 150010700
    0    0
 150010900
 150011000
 150011100
 150011200
 150011300
 150011400
 150011500
    0    0
 150011700
 150011800
 150011900
 150012000
 150012100
 150012200
    0    0
    0    0
 150012500
 150012600
 150012700
 150012800
 150012900
 150013000
 150013100
 1600  100
 1600  200
 1600  300
 1600  400
 1600  500
 1600  600
 1600  700
 1600  800
    0    0
    0    0
 1600 1100
 1600 1200
 1600 1300
 1600 1400
    0    0
 1600 1600
 1600 1700
    0    0
    0    0
 1600 2000
 1600 2100
    0    0
 1600 2300
 1600 2400
    0    0
    0    0
 1600 2700
 1600 2800
 1600 2900
 1600 3000
 1600 3100
 1600 3200
    0    0
 1600 3400
    0    0
 1600 3600
 1600 3700
 1600 3800
 1600 3900
 1600 4000
 1600 4100
    0    0
    0    0
 1600 4400
 1600 4500
    0    0
 1600 4700
 1600 4800
 1600 4900
 1600 5000
 1600 5100
 1600 5200
 1600 5300
 1600 5400
 1600 5500
 1600 5600
 1600 5700
    0    0
    0    0
 1600 6000
 1600 6100
 1600 6200
 1600 6300
 1600 6400
 1600 6500
    0    0
 1600 6700
    0    0
    0    0
    0    0
 1600 7100
    0    0
    0    0
 1600 7400
    0    0
 1600 7600
    0    0
 1600 7800
 1600 7900
 1600 8000
 1600 8100
 1600 8200
    0    0
 1600 8400
    0    0
 1600 8600
    0    0
    0    0
 1600 8900
    0    0
    0    0
    0    0
    0    0
 1600 9400
    0    0
 1600 9600
 1600 9700
 1600 9800
    0    0
    0    0
 160010100
    0    0
 160010300
    0    0
    0    0
 160010600
    0    0
 160010800
    0    0
    0    0
 160011100
    0    0
 160011300
    0    0
    0    0
 160011600
    0    0
 160011800
 160011900
 160012000
 160012100
 160012200
 160012300
 160012400
 160012500
 160012600
 160012700
 160012800
 160012900
 160013000
 160013100
    0    0
 1700  200
 1700  300
 1700  400
 1700  500
 1700  600
    0    0
 1700  800
 1700  900
 1700 1000
 1700 1100
    0    0
    0    0
    0    0
 1700 1500
 1700 1600
    0    0
 1700 1800
 1700 1900
 1700 2000
 1700 2100
 1700 2200
 1700 2300
 1700 2400
 1700 2500
 1700 2600
    0    0
 1700 2800
 1700 2900
 1700 3000
 1700 3100
    0    0
    0    0
 1700 3400
 1700 3500
 1700 3600
 1700 3700
 1700 3800
 1700 3900
 1700 4000
 1700 4100
    0    0
 1700 4300
 1700 4400
    0    0
 1700 4600
 1700 4700
    0    0
    0    0
 1700 5000
 1700 5100
 1700 5200
 1700 5300
 1700 5400
 1700 5500
 1700 5600
 1700 5700
 1700 5800
    0    0
 1700 6000
    0    0
 1700 6200
 1700 6300
 1700 6400
    0    0
    0    0
 1700 6700
    0    0
    0    0
    0    0
 1700 7100
 1700 7200
 1700 7300
 1700 7400
    0    0
 1700 7600
 1700 7700
    0    0
 1700 7900
 1700 8000
 1700 8100
 1700 8200
 1700 8300
 1700 8400
 1700 8500
 1700 8600
 1700 8700
 1700 8800
 1700 8900
 1700 9000
 1700 9100
 1700 9200
 1700 9300
    0    0
 1700 9500
 1700 9600
 1700 9700
    0    0
    0    0
 170010000
 170010100
 170010200
 170010300
 170010400
 170010500
 170010600
    0    0
 170010800
 170010900
 170011000
 170011100
 170011200
 170011300
 170011400
 170011500
    0    0
 170011700
 170011800
 170011900
 170012000
 170012100
 170012200
 170012300
    0    0
 170012500
 170012600
    0    0
 170012800
 170012900
 170013000
    0    0
 1800  100
 1800  200
 1800  300
 1800  400
 1800  500
 1800  600
    0    0
 1800  800
 1800  900
    0    0
    0    0
    0    0
 1800 1300
 1800 1400
 1800 1500
    0    0
 1800 1700
 1800 1800
    0    0
 1800 2000
 1800 2100
    0    0
    0    0
 1800 2400
 1800 2500
 1800 2600
 1800 2700
    0    0
 1800 2900
 1800 3000
    0    0
 1800 3200
    0    0
 1800 3400
 1800 3500
    0    0
    0    0
 1800 3800
 1800 3900
    0    0
 1800 4100
 1800 4200
    0    0
    0    0
    0    0
 1800 4600
    0    0
 1800 4800
    0    0
    0    0
 1800 5100
    0    0
 1800 5300
 1800 5400
 1800 5500
    0    0
 1800 5700
 1800 5800
    0    0
    0    0
    0    0
 1800 6200
 1800 6300
 1800 6400
    0    0
    0    0
 1800 6700
 1800 6800
 1800 6900
 1800 7000
 1800 7100
 1800 7200
    0    0
 1800 7400
 1800 7500
 1800 7600
 1800 7700
    0    0
 1800 7900
 1800 8000
 1800 8100
    0    0
 1800 8300
 1800 8400
    0    0
 1800 8600
 1800 8700
 1800 8800
    0    0
 1800 9000
 1800 9100
    0    0
    0    0
    0    0
 1800 9500
    0    0
 1800 9700
    0    0
    0    0
 180010000
 180010100
 180010200
 180010300
 180010400
 180010500
    0    0
 180010700
 180010800
 180010900
 180011000
    0    0
 180011200
    0    0
 180011400
 180011500
 180011600
 180011700
    0    0
 180011900
 180012000
 180012100
    0    0
 180012300
 180012400
 180012500
 180012600
    0    0
 180012800
 180012900
 180013000
    0    0
 1900  100
 1900  200
    0    0
    0    0
    0    0
 1900  600
 1900  700
    0    0
 1900  900
 1900 1000
 1900 1100
 1900 1200
    0    0
 1900 1400
 1900 1500
 1900 1600
 1900 1700
    0    0
    0    0
 1900 2000
 1900 2100
 1900 2200
 1900 2300
    0    0
 1900 2500
 1900 2600
 1900 2700
 1900 2800
    0    0
 1900 3000
 1900 3100
 1900 3200
    0    0
 1900 3400
 1900 3500
 1900 3600
 1900 3700
 1900 3800
 1900 3900
    0    0
 1900 4100
 1900 4200
 1900 4300
    0    0
    0    0
 1900 4600
    0    0
 1900 4800
 1900 4900
    0    0
 1900 5100
    0    0
 1900 5300
 1900 5400
 1900 5500
    0    0
 1900 5700
    0    0
 1900 5900
 1900 6000
    0    0
 1900 6200
    0    0
 1900 6400
 1900 6500
    0    0
 1900 6700
 1900 6800
 1900 6900
 1900 7000
 1900 7100
 1900 7200
    0    0
 1900 7400
 1900 7500
 1900 7600
 1900 7700
 1900 7800
    0    0
 1900 8000
    0    0
 1900 8200
 1900 8300
 1900 8400
    0    0
 1900 8600
 1900 8700
 1900 8800
 1900 8900
 1900 9000
 1900 9100
 1900 9200
    0    0
 1900 9400
    0    0
 1900 9600
 1900 9700
 1900 9800
    0    0
 190010000
 190010100
    0    0
 190010300
 190010400
 190010500
 190010600
 190010700
 190010800
    0    0
    0    0
 190011100
    0    0
 190011300
 190011400
 190011500
 190011600
 190011700
 190011800
 190011900
 190012000
 190012100
 190012200
 190012300
 190012400
 190012500
 190012600
 190012700
 190012800
 190012900
 190013000
 190013100
 2000  100
 2000  200
 2000  300
    0    0
 2000  500
 2000  600
    0    0
    0    0
 2000  900
 2000 1000
 2000 1100
 2000 1200
    0    0
    0    0
    0    0
    0    0
 2000 1700
 2000 1800
 2000 1900
 2000 2000
    0    0
 2000 2200
 2000 2300
 2000 2400
 2000 2500
 2000 2600
 2000 2700
    0    0
 2000 2900
 2000 3000
 2000 3100
 2000 3200
    0    0
    0    0
    0    0
    0    0
    0    0
 2000 3800
 2000 3900
    0    0
    0    0
 2000 4200
    0    0
 2000 4400
 2000 4500
 2000 4600
 2000 4700
 2000 4800
 2000 4900
 2000 5000
    0    0
 2000 5200
    0    0
    0    0
    0    0
    0    0
 2000 5700
 2000 5800
 2000 5900
    0    0
 2000 6100
    0    0
 2000 6300
 2000 6400
    0    0
    0    0
 2000 6700
    0    0
 2000 6900
    0    0
 2000 7100
 2000 7200
    0    0
    0    0
 2000 7500
 2000 7600
 2000 7700
 2000 7800
    0    0
 2000 8000
 2000 8100
    0    0
    0    0
 2000 8400
 2000 8500
 2000 8600
    0    0
 2000 8800
 2000 8900
 2000 9000
 2000 9100
 2000 9200
 2000 9300
 2000 9400
    0    0
 2000 9600
 2000 9700
    0    0
    0    0
    0    0
 200010100
 200010200
 200010300
 200010400
 200010500
 200010600
    0    0
 200010800
 200010900
 200011000
 200011100
 200011200
 200011300
 200011400
    0    0
 200011600
 200011700
 200011800
 200011900
    0    0
 200012100
 200012200
 200012300
 200012400
 200012500
 200012600
 200012700
 200012800
 200012900
 200013000
 200013100
    0    0
 2100  200
 2100  300
    0    0
 2100  500
 2100  600
 2100  700
    0    0
 2100  900
 2100 1000
    0    0
 2100 1200
 2100 1300
 2100 1400
 2100 1500
    0    0
    0    0
 2100 1800
 2100 1900
    0    0
 2100 2100
 2100 2200
 2100 2300
    0    0
 2100 2500
    0    0
    0    0
    0    0
    0    0
 2100 3000
    0    0
 2100 3200
    0    0
    0    0
 2100 3500
 2100 3600
 2100 3700
 2100 3800
 2100 3900
 2100 4000
 2100 4100
 2100 4200
 2100 4300
    0    0
 2100 4500
    0    0
 2100 4700
 2100 4800
 2100 4900
    0    0
    0    0
 2100 5200
 2100 5300
 2100 5400
    0    0
 2100 5600
 2100 5700
    0    0
 2100 5900
    0    0
    0    0
    0    0
    0    0
    0    0
    0    0
    0    0
    0    0
 2100 6800
 2100 6900
 2100 7000
    0    0
 2100 7200
 2100 7300
 2100 7400
 2100 7500
    0    0
    0    0
    0    0
 2100 7900
 2100 8000
 2100 8100
 2100 8200
    0    0
 2100 8400
 2100 8500
 2100 8600
 2100 8700
 2100 8800
 2100 8900
 2100 9000
 2100 9100
 2100 9200
    0    0
 2100 9400
 2100 9500
 2100 9600
    0    0
 2100 9800
    0    0
    0    0
 210010100
    0    0
 210010300
 210010400
 210010500
    0    0
 210010700
 210010800
 210010900
    0    0
    0    0
 210011200
 210011300
 210011400
 210011500
    0    0
 210011700
 210011800
    0    0
 210012000
 210012100
 210012200
    0    0
 210012400
 210012500
    0    0
 210012700
 210012800
 210012900
 210013000
 210013100
 2200  100
 2200  200
    0    0
 2200  400
 2200  500
 2200  600
 2200  700
    0    0
 2200  900
 2200 1000
    0    0
 2200 1200
    0    0
 2200 1400
 2200 1500
    0    0
 2200 1700
 2200 1800
 2200 1900
    0    0
 2200 2100
 2200 2200
 2200 2300
 2200 2400
 2200 2500
 2200 2600
    0    0
 2200 2800
 2200 2900
 2200 3000
    0    0
    0    0
    0    0
 2200 3400
 2200 3500
 2200 3600
 2200 3700
 2200 3800
 2200 3900
 2200 4000
 2200 4100
 2200 4200
 2200 4300
 2200 4400
    0    0
 2200 4600
 2200 4700
 2200 4800
    0    0
 2200 5000
    0    0
    0    0
    0    0
 2200 5400
    0    0
 2200 5600
    0    0
 2200 5800
 2200 5900
    0    0
 2200 6100
 2200 6200
    0    0
 2200 6400
 2200 6500
    0    0
 2200 6700
 2200 6800
 2200 6900
 2200 7000
    0    0
 2200 7200
    0    0
 2200 7400
 2200 7500
 2200 7600
 2200 7700
 2200 7800
 2200 7900
 2200 8000
 2200 8100
 2200 8200
 2200 8300
 2200 8400
    0    0
 2200 8600
 2200 8700
 2200 8800
 2200 8900
 2200 9000
 2200 9100
 2200 9200
    0    0
 2200 9400
 2200 9500
 2200 9600
 2200 9700
    0    0
    0    0
 220010000
 220010100
    0    0
 220010300
 220010400
 220010500
 220010600
 220010700
 220010800
 220010900
    0    0
 220011100
 220011200
 220011300
 220011400
    0    0
    0    0
 220011700
    0    0
 220011900
 220012000
 220012100
 220012200
 220012300
    0    0
 220012500
 220012600
 220012700
 220012800
 220012900
 220013000
    0    0
    0    0
    0    0
 2300  300
 2300  400
    0    0
    0    0
    0    0
 2300  800
 2300  900
    0    0
    0    0
 2300 1200
 2300 1300
 2300 1400
    0    0
    0    0
 2300 1700
 2300 1800
 2300 1900
 2300 2000
    0    0
    0    0
 2300 2300
 2300 2400
 2300 2500
    0    0
    0    0
    0    0
 2300 2900
 2300 3000
    0    0
    0    0
    0    0
 2300 3400
 2300 3500
 2300 3600
 2300 3700
 2300 3800
 2300 3900
    0    0
 2300 4100
 2300 4200
 2300 4300
 2300 4400
 2300 4500
 2300 4600
 2300 4700
 2300 4800
 2300 4900
 2300 5000
 2300 5100
    0    0
 2300 5300
    0    0
 2300 5500
 2300 5600
    0    0
 2300 5800
    0    0
 2300 6000
    0    0
    0    0
 2300 6300
    0    0
 2300 6500
    0    0
 2300 6700
 2300 6800
 2300 6900
 2300 7000
 2300 7100
 2300 7200
 2300 7300
 2300 7400
 2300 7500
 2300 7600
 2300 7700
 2300 7800
 2300 7900
 2300 8000
 2300 8100
 2300 8200
 2300 8300
 2300 8400
 2300 8500
 2300 8600
 2300 8700
 2300 8800
    0    0
 2300 9000
 2300 9100
 2300 9200
 2300 9300
    0    0
 2300 9500
 2300 9600
 2300 9700
 2300 9800
    0    0
 230010000
 230010100
 230010200
    0    0
 230010400
 230010500
    0    0
 230010700
    0    0
 230010900
 230011000
 230011100
 230011200
    0    0
 230011400
 230011500
 230011600
 230011700
 230011800
 230011900
 230012000
 230012100
 230012200
 230012300
 230012400
 230012500
 230012600
    0    0
 230012800
 230012900
 230013000
 230013100
 2400  100
 2400  200
 2400  300
 2400  400
 2400  500
    0    0
    0    0
 2400  800
 2400  900
    0    0
    0    0
 2400 1200
 2400 1300
    0    0
 2400 1500
    0    0
 2400 1700
 2400 1800
 2400 1900
    0    0
    0    0
 2400 2200
 2400 2300
 2400 2400
 2400 2500
    0    0
    0    0
 2400 2800
    0    0
 2400 3000
 2400 3100
    0    0
    0    0
 2400 3400
 2400 3500
 2400 3600
 2400 3700
    0    0
 2400 3900
 2400 4000
 2400 4100
 2400 4200
    0    0
    0    0
 2400 4500
 2400 4600
    0    0
 2400 4800
    0    0
 2400 5000
    0    0
    0    0
 2400 5300
 2400 5400
 2400 5500
 2400 5600
 2400 5700
    0    0
    0    0
    0    0
 2400 6100
 2400 6200
    0    0
    0    0
    0    0
    0    0
    0    0
 2400 6800
 2400 6900
 2400 7000
 2400 7100
 2400 7200
 2400 7300
 2400 7400
 2400 7500
    0    0
    0    0
 2400 7800
    0    0
    0    0
 2400 8100
    0    0
 2400 8300
 2400 8400
 2400 8500
 2400 8600
 2400 8700
 2400 8800
 2400 8900
 2400 9000
 2400 9100
    0    0
    0    0
 2400 9400
    0    0
 2400 9600
 2400 9700
    0    0
    0    0
 240010000
 240010100
 240010200
 240010300
 240010400
 240010500
 240010600
 240010700
 240010800
    0    0
    0    0
 240011100
    0    0
 240011300
 240011400
    0    0
 240011600
 240011700
 240011800
 240011900
 240012000
 240012100
 240012200
 240012300
 240012400
    0    0
    0    0
 240012700
 240012800
    0    0
 240013000
    0    0
 2500  100
    0    0
 2500  300
 2500  400
 2500  500
    0    0
 2500  700
    0    0
 2500  900
    0    0
 2500 1100
 2500 1200
 2500 1300
    0    0
    0    0
 2500 1600
 2500 1700
    0    0
 2500 1900
 2500 2000
 2500 2100
    0    0
 2500 2300
 2500 2400
 2500 2500
 2500 2600
 2500 2700
    0    0
 2500 2900
    0    0
    0    0
 2500 3200
    0    0
    0    0
    0    0
 2500 3600
 2500 3700
 2500 3800
 2500 3900
 2500 4000
 2500 4100
 2500 4200
    0    0
 2500 4400
 2500 4500
 2500 4600
 2500 4700
    0    0
    0    0
 2500 5000
    0    0
 2500 5200
    0    0
 2500 5400
 2500 5500
 2500 5600
    0    0
 2500 5800
 2500 5900
 2500 6000
    0    0
 2500 6200
 2500 6300
    0    0
 2500 6500
    0    0
    0    0
    0    0
 2500 6900
 2500 7000
 2500 7100
 2500 7200
    0    0
 2500 7400
 2500 7500
    0    0
 2500 7700
 2500 7800
 2500 7900
 2500 8000
    0    0
 2500 8200
    0    0
    0    0
    0    0
 2500 8600
 2500 8700
 2500 8800
 2500 8900
    0    0
 2500 9100
 2500 9200
    0    0
    0    0
 2500 9500
    0    0
 2500 9700
 2500 9800
    0    0
    0    0
    0    0
 250010200
 250010300
    0    0
 250010500
 250010600
 250010700
 250010800
    0    0
    0    0
 250011100
 250011200
 250011300
    0    0
 250011500
 250011600
    0    0
    0    0
 250011900
 250012000
 250012100
 250012200
    0    0
 250012400
 250012500
 250012600
    0    0
 250012800
    0    0
 250013000
 250013100
 2600  100
 2600  200
    0    0
    0    0
    0    0
    0    0
 2600  700
    0    0
 2600  900
 2600 1000
 2600 1100
 2600 1200
 2600 1300
 2600 1400
 2600 1500
 2600 1600
 2600 1700
    0    0
 2600 1900
 2600 2000
 2600 2100
 2600 2200
 2600 2300
 2600 2400
 2600 2500
 2600 2600
 2600 2700
    0    0
    0    0
 2600 3000
 2600 3100
 2600 3200
    0    0
 2600 3400
 2600 3500
 2600 3600
 2600 3700
 2600 3800
 2600 3900
 2600 4000
 2600 4100
 2600 4200
 2600 4300
 2600 4400
 2600 4500
 2600 4600
 2600 4700
 2600 4800
 2600 4900
    0    0
 2600 5100
 2600 5200
 2600 5300
 2600 5400
 2600 5500
 2600 5600
 2600 5700
 2600 5800
    0    0
 2600 6000
 2600 6100
 2600 6200
 2600 6300
 2600 6400
    0    0
    0    0
 2600 6700
 2600 6800
 2600 6900
 2600 7000
 2600 7100
    0    0
    0    0
    0    0
    0    0
 2600 7600
    0    0
 2600 7800
    0    0
    0    0
 2600 8100
 2600 8200
 2600 8300
 2600 8400
    0    0
 2600 8600
 2600 8700
 2600 8800
 2600 8900
    0    0
 2600 9100
 2600 9200
    0    0
 2600 9400
 2600 9500
    0    0
 2600 9700
 2600 9800
    0    0
 260010000
 260010100
 260010200
 260010300
 260010400
    0    0
 260010600
    0    0
 260010800
 260010900
    0    0
 260011100
 260011200
    0    0
 260011400
 260011500
 260011600
 260011700
 260011800
 260011900
 260012000
 260012100
 260012200
 260012300
 260012400
 260012500
 260012600
 260012700
 260012800
 260012900
 260013000
 260013100
 2700  100
    0    0
 2700  300
 2700  400
 2700  500
 2700  600
 2700  700
 2700  800
 2700  900
 2700 1000
 2700 1100
 2700 1200
 2700 1300
 2700 1400
 2700 1500
 2700 1600
 2700 1700
 2700 1800
 2700 1900
 2700 2000
 2700 2100
 2700 2200
 2700 2300
 2700 2400
 2700 2500
 2700 2600
 2700 2700
 2700 2800
 2700 2900
 2700 3000
 2700 3100
    0    0
    0    0
 2700 3400
    0    0
 2700 3600
 2700 3700
    0    0
 2700 3900
 2700 4000
 2700 4100
 2700 4200
    0    0
 2700 4400
 2700 4500
 2700 4600
    0    0
 2700 4800
 2700 4900
 2700 5000
 2700 5100
    0    0
 2700 5300
 2700 5400
    0    0
    0    0
    0    0
 2700 5800
 2700 5900
 2700 6000
    0    0
 2700 6200
 2700 6300
    0    0
 2700 6500
    0    0
    0    0
    0    0
 2700 6900
    0    0
    0    0
 2700 7200
 2700 7300
 2700 7400
    0    0
    0    0
    0    0
 2700 7800
    0    0
    0    0
 2700 8100
 2700 8200
 2700 8300
 2700 8400
 2700 8500
 2700 8600
    0    0
 2700 8800
 2700 8900
 2700 9000
 2700 9100
 2700 9200
 2700 9300
 2700 9400
 2700 9500
    0    0
 2700 9700
 2700 9800
    0    0
 270010000
 270010100
 270010200
 270010300
    0    0
 270010500
 270010600
 270010700
 270010800
 270010900
 270011000
 270011100
 270011200
    0    0
 270011400
 270011500
 270011600
 270011700
 270011800
 270011900
    0    0
 270012100
 270012200
 270012300
 270012400
    0    0
 270012600
 270012700
 270012800
 270012900
 270013000
 270013100
 2800  100
 2800  200
 2800  300
 2800  400
 2800  500
 2800  600
 2800  700
 2800  800
 2800  900
 2800 1000
 2800 1100
 2800 1200
 2800 1300
 2800 1400
 2800 1500
 2800 1600
    0    0
    0    0
    0    0
 2800 2000
    0    0
    0    0
 2800 2300
    0    0
    0    0
    0    0
    0    0
    0    0
    0    0
    0    0
 2800 3100
 2800 3200
    0    0
 2800 3400
 2800 3500
 2800 3600
 2800 3700
 2800 3800
 2800 3900
 2800 4000
 2800 4100
 2800 4200
 2800 4300
 2800 4400
 2800 4500
 2800 4600
    0    0
 2800 4800
 2800 4900
 2800 5000
 2800 5100
 2800 5200
 2800 5300
 2800 5400
 2800 5500
 2800 5600
 2800 5700
 2800 5800
 2800 5900
 2800 6000
 2800 6100
 2800 6200
 2800 6300
    0    0
 2800 6500
    0    0
    0    0
    0    0
    0    0
    0    0
 2800 7100
    0    0
    0    0
 2800 7400
    0    0
 2800 7600
    0    0
    0    0
    0    0
    0    0
 2800 8100
 2800 8200
 2800 8300
 2800 8400
 2800 8500
 2800 8600
 2800 8700
 2800 8800
 2800 8900
 2800 9000
 2800 9100
 2800 9200
 2800 9300
 2800 9400
 2800 9500
 2800 9600
 2800 9700
 2800 9800
    0    0
 280010000
 280010100
 280010200
 280010300
 280010400
 280010500
 280010600
 280010700
 280010800
 280010900
 280011000
 280011100
 280011200
 280011300
 280011400
    0    0
 280011600
 280011700
    0    0
 280011900
 280012000
    0    0
 280012200
 280012300
    0    0
 280012500
    0    0
    0    0
 280012800
    0    0
 280013000
 280013100
    0    0
 2900  200
 2900  300
 2900  400
    0    0
    0    0
 2900  700
 2900  800
 2900  900
 2900 1000
 2900 1100
 2900 1200
 2900 1300
 2900 1400
 2900 1500
    0    0
    0    0
 2900 1800
 2900 1900
 2900 2000
    0    0
    0    0
 2900 2300
 2900 2400
    0    0
 2900 2600
 2900 2700
 2900 2800
    0    0
 2900 3000
 2900 3100
    0    0
    0    0
 2900 3400
 2900 3500
 2900 3600
 2900 3700
 2900 3800
    0    0
 2900 4000
 2900 4100
 2900 4200
 2900 4300
 2900 4400
 2900 4500
 2900 4600
 2900 4700
 2900 4800
    0    0
 2900 5000
 2900 5100
    0    0
 2900 5300
 2900 5400
    0    0
    0    0
 2900 5700
 2900 5800
 2900 5900
    0    0
 2900 6100
 2900 6200
    0    0
    0    0
    0    0
    0    0
 2900 6700
 2900 6800
 2900 6900
 2900 7000
 2900 7100
    0    0
 2900 7300
 2900 7400
 2900 7500
 2900 7600
 2900 7700
 2900 7800
 2900 7900
 2900 8000
 2900 8100
    0    0
    0    0
 2900 8400
 2900 8500
 2900 8600
 2900 8700
    0    0
 2900 8900
    0    0
    0    0
    0    0
 2900 9300
    0    0
 2900 9500
 2900 9600
 2900 9700
    0    0
    0    0
 290010000
    0    0
 290010200
    0    0
 290010400
    0    0
 290010600
 290010700
 290010800
 290010900
 290011000
 290011100
 290011200
 290011300
 290011400
    0    0
 290011600
 290011700
 290011800
 290011900
 290012000
    0    0
 290012200
 290012300
    0    0
 290012500
 290012600
 290012700
    0    0
 290012900
 290013000
    0    0
 3000  100
 3000  200
 3000  300
 3000  400
    0    0
 3000  600
 3000  700
 3000  800
 3000  900
    0    0
 3000 1100
    0    0
 3000 1300
 3000 1400
 3000 1500
 3000 1600
    0    0
    0    0
    0    0
 3000 2000
    0    0
 3000 2200
 3000 2300
    0    0
 3000 2500
    0    0
 3000 2700
    0    0
 3000 2900
 3000 3000
 3000 3100
    0    0
    0    0
 3000 3400
 3000 3500
 3000 3600
 3000 3700
 3000 3800
 3000 3900
    0    0
 3000 4100
 3000 4200
    0    0
    0    0
    0    0
 3000 4600
    0    0
 3000 4800
 3000 4900
 3000 5000
 3000 5100
 3000 5200
    0    0
 3000 5400
 3000 5500
 3000 5600
 3000 5700
 3000 5800
    0    0
 3000 6000
    0    0
 3000 6200
 3000 6300
    0    0
 3000 6500
    0    0
 3000 6700
    0    0
    0    0
 3000 7000
 3000 7100
 3000 7200
    0    0
 3000 7400
    0    0
    0    0
    0    0
    0    0
 3000 7900
 3000 8000
 3000 8100
 3000 8200
 3000 8300
 3000 8400
 3000 8500
 3000 8600
 3000 8700
 3000 8800
 3000 8900
 3000 9000
 3000 9100
    0    0
 3000 9300
    0    0
 3000 9500
 3000 9600
 3000 9700
 3000 9800
    0    0
 300010000
 300010100
 300010200
 300010300
 300010400
 300010500
 300010600
 300010700
 300010800
    0    0
 300011000
    0    0
 300011200
 300011300
 300011400
 300011500
 300011600
    0    0
    0    0
 300011900
 300012000
 300012100
 300012200
 300012300
 300012400
    0    0
 300012600
    0    0
    0    0
 300012900
 300013000
 300013100
    0    0
    0    0
    0    0
 3100  400
    0    0
 3100  600
 3100  700
    0    0
    0    0
 3100 1000
 3100 1100
 3100 1200
 3100 1300
 3100 1400
    0    0
 3100 1600
    0    0
 3100 1800
 3100 1900
 3100 2000
    0    0
 3100 2200
 3100 2300
    0    0
    0    0
 3100 2600
 3100 2700
 3100 2800
 3100 2900
 3100 3000
    0    0
 3100 3200
    0    0
    0    0
 3100 3500
 3100 3600
 3100 3700
    0    0
 3100 3900
 3100 4000
    0    0
    0    0
 3100 4300
    0    0
 3100 4500
 3100 4600
 3100 4700
    0    0
 3100 4900
    0    0
 3100 5100
 3100 5200
    0    0
    0    0
 3100 5500
    0    0
    0    0
    0    0
    0    0
 3100 6000
 3100 6100
 3100 6200
 3100 6300
    0    0
    0    0
    0    0
 3100 6700
 3100 6800
 3100 6900
 3100 7000
    0    0
    0    0
 3100 7300
    0    0
    0    0
 3100 7600
 3100 7700
 3100 7800
 3100 7900
 3100 8000
    0    0
 3100 8200
 3100 8300
 3100 8400
 3100 8500
 3100 8600
    0    0
    0    0
 3100 8900
    0    0
    0    0
 3100 9200
 3100 9300
 3100 9400
 3100 9500
 3100 9600
    0    0
 3100 9800
    0    0
    0    0
 310010100
 310010200
 310010300
    0    0
 310010500
 310010600
    0    0
    0    0
 310010900
 310011000
 310011100
 310011200
 310011300
    0    0
 310011500
 310011600
 310011700
 310011800
 310011900
    0    0
 310012100
 310012200
    0    0
    0    0
 310012500
 310012600
 310012700
 310012800
 310012900
    0    0
 310013100
                                                                                                                                                                                                                                                                ^c~2