S  3
   1 SQUARE FEET
   2 HOUSEKEEPING%HOURS 
   3 POUNDS OF LAUNDRY
   4 % COSTED WRK ORDER 
   5 PATIENT DAYS 
   6 # OF NURSING EMPLS 
   7  # OF EMPLOYEES FTE 
   8 REVENUES + EXPENSE 
   9 DEPART INPAT REVNS 
  10 PURCHASED SUPPLIES 
  11 # OF TELEPHONES EX 
  12 # OF PEOPLE HOURS
  13 ASSET DOLLAR VALUE 
  14 DEPART OUTPAT REVS 
  15 DEPART TOTAL REVNS 
  16 100% INPATIENT 
   17 MED REC % OF TIME
  18 % TIME SPENT NURS
S006
   1 ST. ELIZABETH
   2 45-0034
     063072 
C004
   3 71759. 
   4 3262.
   5 4562.
  17 100000.
  19 1524175. 
  27 1703758. 
C001
   3 54493. 
   4 2203.
   5 3056.
  27 59752. 
C002
   3 17266. 
   4 1059.
   5 1506.
  17 100000.
  19 1524175. 
  27 1644006. 
C039
 165 995. 
 160 748552.
 161 44246. 
 162 44798. 
 166 22351. 
 114 151244.
 169 34422. 
 118 6770.
 123 6145.
 120 43471. 
 136 271. 
 141 2654.
 140 1389.
 126 242. 
 128 1413.
 130 1242.
 131 2004.
 137 50.
 138 2545.
 119 221. 
 132 2859.
 133 21187. 
 146 815. 
 135 1941.
 139 546. 
 134 19676. 
 104 201. 
 158 559. 
 100 33391. 
  93 3195.
  40 150. 
  96 58297. 
  98 39027. 
  97 5257.
  39 5692.
  21 635. 
  31 222. 
  33 4204.
  38 240. 
  87 603. 
  41 1.
  88 2005.
  42 791. 
  43 185. 
 103 3320.
  44 646. 
  55 784. 
  65 6. 
  74 4334.
 117 82.
  17 5233.
 174 1331109. 
 165 138100.
 160 7757886. 
 161 666826.
 162 611319.
 166 262702.
 114 999735.
 169 573526.
 118 181538.
 123 1737249. 
 120 1920877. 
 136 166509.
 141 74903. 
 140 263125.
 126 189477.
 128 274428.
 130 83209. 
 131 33020. 
 137 6136.
 138 63627. 
 119 225715.
 132 649452.
 133 305003.
 146 265329.
 135 1399805. 
 139 414530.
 134 672438.
 104 6539.
 158 26950. 
 100 754635.
  93 156504.
  40 106774.
  96 249504.
  98 307667.
  97 238003.
 109 5252.
 111 14054. 
  39 277600.
  21 38427. 
  31 118407.
  33 51503. 
  38 20467. 
  87 37403. 
  41 29726. 
  88 11182. 
  42 142987.
  43 41665. 
 103 110225.
  44 30290. 
  55 19147. 
  61 13469. 
  62 5339.
  65 13755. 
  74 19109. 
  77 124462.
  86 641416.
  13 14275. 
   3 112488.
   8 168153.
  45 27600. 
 117 92391. 
  17 8469.
 174 23972301.
 160 2490468. 
 161 205784.
 162 194569.
 166 74997. 
 114 278968.
 169 192988.
 118 38013. 
 123 575296.
 120 569694.
 136 59715. 
 141 30810. 
 140 41995. 
 126 48042. 
 128 102611.
 130 25095. 
 131 10695. 
 137 900. 
 138 27731. 
 119 88102. 
 132 233773.
 133 106593.
 146 38283. 
 135 550464.
 139 162642.
 134 200698.
 158 7440.
 117 46195. 
 174 6402561. 
C021
 165 936. 
 160 111634.
 161 5940.
 162 6586.
 166 2800.
 114 8100.
 169 2100.
 118 6500.
 123 4210.
 120 13014. 
 136 168. 
 141 2520.
 140 480. 
 126 100. 
 128 500. 
 130 500. 
 131 260. 
 137 50.
 138 390. 
 119 200. 
 132 1912.
 133 2964.
 146 760. 
 135 1806.
 139 534. 
 134 3863.
 104 200. 
 158 510. 
 100 10819. 
  40 130. 
  96 56622. 
  98 2580.
  97 5000.
  39 5195.
  21 580. 
  31 200. 
  33 3880.
  38 220. 
  87 520. 
  88 1394.
  42 675. 
  43 170. 
 103 3200.
  44 645. 
  55 721. 
  74 4035.
  17 4729.
 174 280852.
C022
 165 41.
 160 5125.
 161 164. 
 162 164. 
 166 164. 
 114 656. 
 169 246. 
 118 246. 
 123 162. 
 120 163. 
 136 2. 
 141 31.
 140 7. 
 126 41.
 128 41.
 130 41.
 131 41.
 138 41.
 119 21.
 132 82.
 133 82.
 146 41.
 135 32.
 139 9. 
 134 41.
 158 41.
 100 451. 
  40 10.
  39 381. 
  21 43.
  31 15.
  33 284. 
  38 16.
  87 38.
  42 49.
  43 12.
 103 41.
  55 53.
  74 296. 
 117 82.
  17 504. 
 174 10000. 
C023
 160 574806.
 161 35838. 
 162 34905. 
 166 19279. 
 114 142096.
 169 31966. 
 123 1598.
 120 30112. 
 136 100. 
 141 100. 
 140 900. 
 126 100. 
 128 867. 
 130 699. 
 131 1702.
 138 1878.
 132 798. 
 133 18061. 
 134 15633. 
 100 21051. 
  98 36444. 
  88 357. 
 174 969290.
C024
 165 6. 
 160 1970.
 161 35.
 162 41.
 166 70.
 114 316. 
 169 68.
 123 142. 
 120 162. 
 141 1. 
 128 1. 
 131 1. 
 138 236. 
 132 47.
 133 69.
 146 12.
 135 94.
 134 125. 
 158 8.
 100 986. 
  93 3195.
  96 1637.
  97 231. 
  39 71.
  21 8. 
  33 32.
  87 41.
  88 253. 
  42 62.
 103 65.
  44 1. 
  55 8. 
  65 6. 
 174 10000. 
C025
 160 54493. 
 161 2203.
 162 3056.
 174 59752. 
C026
 165 6. 
 160 262. 
 161 33.
 162 23.
 166 19.
 114 38.
 169 21.
 118 12.
 174 414. 
C027
 165 6. 
 160 262. 
 161 33.
 162 23.
 166 19.
 114 38.
 169 21.
 118 12.
 123 33.
 120 20.
 136 1. 
 141 2. 
 140 2. 
 126 1. 
 128 4. 
 130 2. 
 132 20.
 133 11.
 146 2. 
 135 9. 
 139 3. 
 134 14.
 104 1. 
 100 84.
  40 10.
  96 38.
  98 3. 
  97 26.
  39 45.
  21 4. 
  31 7. 
  33 8. 
  38 4. 
  87 4. 
  41 1. 
  88 1. 
  42 5. 
  43 3. 
 103 14.
  55 2. 
  74 3. 
 174 801. 
C028
 165 46067. 
 160 3372548. 
 161 325717.
 162 290255.
 166 142598.
 114 501294.
 169 332507.
 118 95563. 
 123 963729.
 120 904950.
 136 81711. 
 141 42012. 
 140 76040. 
 126 96389. 
 128 158320.
 130 42581. 
 131 12891.
 137 1267.
 138 30043.
 119 117974.
 132 327608.
 133 152628.
 146 58747. 
 135 835569.
 139 247464.
 134 305993.
 104 4717.
 158 12906. 
 100 479611.
  93 78252. 
  40 57351. 
  96 198893.
  98 162625.
  97 67919. 
 109 4862.
 111 14054. 
  39 159471.
  21 23270. 
  31 65237. 
  33 29480. 
  38 11870. 
  87 24841. 
  41 15293. 
  88 7301.
  42 96491. 
  43 24400. 
 103 53641. 
  44 17621. 
  55 12087. 
  61 13469. 
  62 5339.
  65 13753. 
  74 14036. 
  77 62231. 
  86 320708.
  13 14275. 
   3 112488.
   8 168153.
  45 27600. 
 117 46195. 
 174 11982905.
C029
 160 2489750. 
 161 205682.
 162 194503.
 166 74920. 
 114 268840.
 169 40988. 
 118 37940. 
 123 553681.
 120 465616.
 136 55765. 
 141 6000.
 140 41995. 
 126 47372. 
 128 93396. 
 130 22710. 
 131 4340.
 137 900. 
 138 26847. 
 119 85522. 
 132 232780.
 133 86214. 
 146 38283. 
 135 526123.
 139 162186.
 134 181224.
 158 3345.
 117 45320. 
 174 5992242. 
C030
 165 4716.
 160 27022. 
 161 1362.
 162 4129.
 166 5736.
 114 65045. 
 169 7617.
 118 8239.
 123 70069. 
 120 44908. 
 136 9321.
 140 23715. 
 126 44005. 
 128 2476.
 130 782. 
 131 536. 
 137 82.
 138 1112.
 119 17289. 
 132 35200. 
 133 3199.
 146 9795.
 134 66465. 
 104 440. 
 158 35.
  93 78252. 
  40 31685. 
  98 139208.
  97 11873. 
  39 23484. 
  21 2717.
  31 42907. 
  33 2296.
  38 322. 
  87 3770.
  41 13393. 
  88 2841.
  42 25357. 
  43 13680. 
 103 7037.
  44 6480.
  55 3019.
  74 413. 
  77 62231. 
  86 320708.
 174 1244968. 
C031
 165 6. 
 160 29.
 161 4. 
 162 4. 
 166 4. 
 114 4. 
 169 2. 
 118 2. 
 123 3. 
 120 4. 
 136 1. 
 141 1. 
 140 1. 
 126 1. 
 128 1. 
 130 1. 
 131 1. 
 137 2. 
 138 1. 
 132 4. 
 133 3. 
 135 3. 
 139 1. 
 134 3. 
 104 1. 
 158 1. 
 100 5. 
  96 8. 
  98 2. 
  97 3. 
  39 9. 
  21 2. 
  31 1. 
  33 6. 
  38 1. 
  87 3. 
  42 9. 
  43 1. 
 103 4. 
  55 1. 
  65 2. 
 117 1. 
 174 146. 
C032
 165 6240.
 160 1580312. 
 161 87192. 
 162 97264. 
 166 19760. 
 114 39520. 
 169 21840. 
 118 12480. 
 123 34320. 
 120 20800. 
 136 1040.
 141 2080.
 140 2080.
 126 1040.
 128 4160.
 130 2080.
 132 20800. 
 133 11440. 
 146 2080.
 135 9360.
 139 3120.
 134 14560. 
 104 1040.
 100 87360. 
  40 10400. 
  96 39520. 
  98 3120.
  97 27040. 
  39 46800. 
  21 4160.
  31 7280.
  33 8320.
  38 4160.
  87 4160.
  41 1040.
  88 1040.
  42 5200.
  43 3120.
 103 14560. 
  55 2080.
  74 3120.
 174 2267088. 
C033
 165 81071. 
 160 288225.
 161 46869. 
 162 25164. 
 166 19684. 
 114 114982.
 169 18688. 
 118 27284. 
 123 93832. 
 120 380521.
 136 14721. 
 140 119294.
 128 6860.
 130 12670. 
 131 8897.
 137 3885.
 138 4740.
 119 2350.
 132 32067. 
 133 31140. 
 146 156424.
 135 4409.
 139 1303.
 134 84719. 
 104 341. 
 158 6568.
 100 187659.
  40 7338.
  96 11083. 
  98 2712.
  97 131168.
 109 390. 
  39 47836. 
  21 8278.
  31 2982.
  33 11401. 
  38 4114.
  87 4629.
  42 15930. 
  43 464. 
 103 34983. 
  44 6189.
  55 1960.
  74 1540.
  17 8469.
 174 2075833. 
C034
 114 10050. 
 169 151884.
 118 30.
 123 21615. 
 120 104078.
 136 3950.
 141 24810. 
 126 670. 
 128 9215.
 130 2385.
 131 6355.
 138 884. 
 119 2580.
 132 993. 
 133 20379. 
 135 24341. 
 139 456. 
 134 19474. 
 158 4095.
 117 875. 
 174 409119.
C035
 160 2489750. 
 161 205682.
 162 194503.
 166 74920. 
 114 278890.
 169 192872.
 118 37970. 
 123 575296.
 120 569694.
 136 59715. 
 141 30810. 
 140 41995. 
 126 48042. 
 128 102611.
 130 25095. 
 131 10695. 
 137 900. 
 138 27731. 
 119 88102. 
 132 233773.
 133 106593.
 146 38283. 
 135 550464.
 139 162642.
 134 200698.
 158 7440.
 117 46195. 
 174 6401361. 
C036
 160 100. 
 174 100. 
C037
 160 87.
 161 6. 
 162 5. 
 169 2. 
 174 100. 
C038
 160 531. 
 161 96.
 162 61.
 166 77.
 114 78.
 169 114. 
 118 43.
 174 1000.
C039
 119 12202. 
 126 18149. 
 134 55099. 
 128 35837. 
 131 595. 
 130 5310.
 169 10675. 
 137 195. 
 132 115614.
 141 3900.
 140 13790. 
 139 60813. 
 162 95876. 
 123 142967.
 114 37670. 
 117 5890.
 135 156657.
 138 9715.
 133 20161. 
 136 14540. 
 120 124319.
 158 660. 
 146 1579.
 160 783712.
 161 98664. 
 174 1824589. 
C015
 119 12202. 
 126 18149. 
 134 55099. 
 128 35837. 
 131 595. 
 130 5310.
 169 10675. 
 137 195. 
 132 115614.
 141 3900.
 140 13790. 
 139 60813. 
 162 95876. 
 123 142967.
 114 37670. 
 117 5890.
 135 156657.
 138 9715.
 133 20161. 
 136 14540. 
 120 124319.
 158 660. 
 146 1579.
 160 783712.
 161 98664. 
 174 1824589. 
C039
 165 46067. 
 160 3372548. 
 161 325717.
 162 290255.
 166 142598.
 114 501294.
 169 271979.
 118 95563. 
 123 867661.
 120 784839.
 136 81711. 
 141 42012. 
 140 76040. 
 126 96389. 
 128 121884.
 130 33011. 
 131 11231. 
 137 1267.
 138 30043. 
 119 117974.
 132 327608.
 133 152628.
 146 58747. 
 135 835569.
 139 247464.
 134 305993.
 104 4717.
 158 12906. 
 100 317852.
  93 75494. 
  40 52951. 
  96 178093.
  98 155846.
  97 67919. 
 109 4862.
 111 14054. 
  39 159471.
  21 23270. 
  31 65237. 
  33 29480. 
  38 11870. 
  87 24841. 
  41 15293. 
  88 7301.
  42 91491. 
  43 24400. 
 103 52241. 
  44 17621. 
  55 12087. 
  61 13469. 
  62 5339.
  65 13753. 
  74 14036. 
  77 62231. 
  86 320708.
  13 14275. 
   3 99163. 
   8 168153.
  45 27600. 
 117 46195. 
 174 11442311.
C011
 169 -60528.
 123 -96068.
 120 -120111. 
 128 -36436.
 130 -9570. 
 131 -1660. 
 100 -161759. 
  93 -2758. 
  40 -4400. 
  96 -20800.
  98 -6779. 
  42 -5000. 
 103 -1400. 
   3 -13325.
 174 -540594. 
C013
 160 2489750. 
 161 205682.
 162 194503.
 166 74920. 
 114 268840.
 169 40988. 
 118 37940. 
 123 553681.
 120 465616.
 136 55765. 
 141 6000.
 140 41995. 
 126 47372. 
 128 93396. 
 130 22710. 
 131 4340.
 137 900. 
 138 26847. 
 119 85522. 
 132 232780.
 133 86214. 
 146 38283. 
 135 526123.
 139 162186.
 134 181224.
 158 3345.
 117 45320. 
 174 5992242. 
C014
 114 10050. 
 169 151884.
 118 30.
 123 21615. 
 120 104078.
 136 3950.
 141 24810. 
 126 670. 
 128 9215.
 130 2385.
 131 6355.
 138 884. 
 119 2580.
 132 993. 
 133 20379. 
 135 24341. 
 139 456. 
 134 19474. 
 158 4095.
 117 875. 
 174 409119.
C008
 165 41351. 
 160 855776.
 161 118673.
 162 91623. 
 166 61942. 
 114 157359.
 169 71490. 
 118 49354. 
 123 126228.
 120 74470. 
 136 3597.
 141 6437.
 140 4029.
 126 4342.
 128 16797. 
 130 7134.
 132 58635. 
 133 42836. 
 146 10669. 
 135 50471. 
 139 14912. 
 134 38830. 
 104 4277.
 100 242640.
  40 25666. 
  96 132921.
  98 23417. 
  97 56046. 
  39 135987.
  21 20553. 
  31 22330. 
  33 27184. 
  38 11548. 
  87 21071. 
  41 1900.
  88 4460.
  42 71134. 
  43 10720. 
 103 46604. 
  44 11141. 
  55 9068.
  61 13469. 
  62 5339.
  65 13753. 
  74 13623. 
 174 2831806. 
C009
 165 4716.
 160 27022. 
 161 1362.
 162 4129.
 166 5736.
 114 65045. 
 169 68145. 
 118 8239.
 123 262205.
 120 260786.
 136 18399. 
 141 4765.
 140 30016. 
 126 44005. 
 128 38912. 
 130 10352. 
 131 2196.
 137 367. 
 138 2312.
 119 29872. 
 132 35200. 
 133 3199.
 146 9795.
 135 234634.
 139 69910. 
 134 66465. 
 104 440. 
 158 5466.
 100 236971.
  93 78252. 
  40 31685. 
  96 65972. 
  98 139208.
  97 11873. 
 109 4862.
 111 14054. 
  39 23484. 
  21 2717.
  31 42907. 
  33 2296.
  38 322. 
  87 3770.
  41 13393. 
  88 2841.
  42 25357. 
  43 13680. 
 103 7037.
  44 6480.
  55 3019.
  74 413. 
  77 62231. 
  86 320708.
  13 14275. 
   3 112488.
   8 168153.
  45 27600. 
 174 2749738. 
C019
  17 0. 
 165 6. 
 104 16.
 100 16.
  93 12.
  40 11.
  96 1. 
  98 1. 
  97 3. 
  39 9. 
  21 8. 
  31 15.
  33 10.
  38 14.
  87 7. 
  41 7. 
  88 7. 
  42 7. 
  43 0. 
 103 17.
  44 5. 
  55 5. 
  61 15.
  62 15.
  65 6. 
  74 6. 
  77 1. 
  86 -1.
  13 1. 
   3 1. 
   8 13.
  45 15.
 174 249. 
C020
 165 160. 
 161 162. 
 136 120. 
 141 120. 
 140 120. 
 139 135. 
  93  96. 
  39  17. 
  21  17. 
  31  17. 
  33  17. 
  38  17. 
  40  17. 
  87  17. 
  41  17. 
  88  17. 
  42  17. 
  43  17. 
  44  17. 
  55  17. 
  61  17. 
  62  17. 
  65  17. 
  74  17. 
  77  17. 
   8   3. 
  45  17. 
 174 1136.
S  9
 