4352162222220200003645665646456000000000000005421563066400533323305534301401501 
33304054545533433433000300000000000021002102041020                         1502 
2345161212222112001111111111111411222222222221111111111111111111111111111111491 
11111111111111111111111100010000000022022122125232                         1492 
1324561211221126686662666666666236031666616166666661666464454545355353550661481 
64334653535343456145446600000000010011132321125420                         1482 
4521361211222124426646466656465616143344454345455663666666326646321664665521471 
25666652446255551526266100000000010321342422155210                         1472 
0010001212221115105656665655555545443343344444421465466665266424636266433041461 
53543356542554554455555511900000010311922012145551                         1462 
2314650112211111633646666666666444554424414406611411616164641661164661616111001 
61661611111166151111666411900000010311431611466010                         1002 
0000000211212112553644466644566535255452552336616614666661414641416461464330991 
34664611142245111241155300011000000012311311426071                         0992 
2020100111222112236616566666666616266264355545626246513661114616425616251440981 
42152132251262131321265111111300010311821611463010                         0982 
2010031010010111104444040404044000100160161604000040400440003404040400400300971 
00040003000404004004030011200000000011021310422051                         0972 
0000001122222220251111111111111111000000102226113344166666661111616611611110961 
11601160101022104161400000011000000000031111426054                         0962 
6234511112222121443646666655566244304433344036640164516666446436445465626140951 
41662145465366645563456412800000010321021411446020                         0952 
0130001211201111486656656056665656660566566666660656656466506666666664466050941 
45060606050056044450666611710110100012002311425032                         0942 
5426131212222212233666566656666225066661466666625542666666266636161566604651381 
60466646604362164164366610010000000011731122326420                         1382 
5423112111111222434656666666666666316664456416664634646466654345136451466361371 
45666646464661344344644511710300010321111612355635                         1372 
1624350122111212603636565646646644364466156214626666141666651566166661626361361 
21666166463661640614141100011400000021721123326720                         1362 
5412360112212121433436565656466114665166163661651454631164661011611441403351351 
44360433431343141364165111911410110311321221346220                         1352 
6541232111112112543654565644555635565461362256511231545163216515254563511411341 
43251522143213213133456400011000000011611223426120                         1342 
2342101112111012400606666666666600060060050306640063316366010613014361646301331 
01531340605611014600630300011400010201931423465320                         1332 
0000000112211112443656656666666625165462652336621466616466111416442463614331321 
43565143442211034233314212411400010311032521426220                         1322 
5614230112212212235555222222222222222222222222222222244504504546454504504561311 
54504564504565545556365610110100010311031401460454                         1312 
2435161212112112240006666666666650500000000006566664660500000000000000000001301 
00000000000000000000650000010000000011041121426320                         1302 
4523611210111111546636666646666611011461131211644616636166611521151461116151291 
61666116143266111261646311800000010301011211436651                         1292 
4326151211010112251634666666666616166101161666612444666663633634666666616621141 
64364621414144341366266600010110700011041311616056                         1142 
6541321111112112442666566666666444444444355545541344444344434444434433333341131 
34444333333443434444344411811410100011121311116071                         1132 
0310201222212214156444466444456215246045665224456656445662524344444244445541121 
46554504035024003500565411800000000011331211616061                         1122 
0100001112221123631541666666666304454241340445521636666263612606663566144231111 
23465533333366351434355611800011500011021511626051                         1112 
5162340222220113336216666666666116110166060115616161666161611001116161616661101 
16160611111116116161116600000010000011031212626061                         1102 
2613451111212111153536666555566316265153344455512314535151534444323552342231091 
43543323223332232243445411900000010211511412616020                         1092 
0020102112212111146536565634666526535466343546512454661064646536330656511541621 
52354502142521131253355611800000000021321302246020                         1622 
5631240112211111441635666634666642641331414136465465545443453402114654646561611 
31334535264535142435134400010100010311010301255020                         1612 
4615230112222221123336356055465220512055004506532456545504044545051453544561601 
20654033056656264666633311800000000011120202250020                         1602 
4526130222221112231346455555666435434243425325463543453453453454534354354531591 
54345444503453453453345311900000000011222202245020                         1592 
0000000000212111135666666666666616116454161646651616663666453355364360234531581 
63534643246436444666666611900000000011920302256020                         1582 
2534161122222212603656366636666152132122112116656565665666464466434055016561571 
50155636564535654643645600011000000011121301226020                         1572 
4315261122222221243636366636663650455546622464554554345554544542436455453361561 
34536545635352634355556210200000000011212102145020                         1562 
3024101112222102234556466645566525265464354546635644656464656555333555554541551 
45536444434544152444444400010800000011422102125010                         1552 
1643521111222103636454565545542423346631161615331163115111131111411411146301541 
56656354360364343663365200000010400011032100125010                         1542 
2153470112221213334555335555366233030440553642350463254330464612544443335541531 
11623300161444335222234200000010000011032302150010                         1532 
0030001212022011105116506055055242422322324212325464242535243402302304303451521 
03520263030352304325125010000000000011021201026020                         1522 
1030061012211116640121000000000100000100000012102565556050605056565555506651511 
60505040030044030560555610010000000011422301026010                         1512 
6325141000000002221111120204333111111111222211611211364433302232011122211211721 
12211211011322121121121100000000000011901602050020                         1722 
0000000000000000005304020600606500000000000002500505404004005005005005000501711 
05005060000004003030250300000000000011030402455020                         1712 
0003202111222112350606456456666544465163353465551315611160415111111555156151701 
46640460154006450154544300000000000011022501445020                         1702 
3614521112112111643415636613436135511466616416631511633166666646161633616161691 
43044440000000000000635111600000000021011303450020                         1692 
0000001211201100133446666666466332033023643455554314666603556641555563450331681 
43464443434006656364455311900000000011022301525020                         1682 
3514621111221111151666566656666166166661161166520666666103636611666661616631671 
66660113366566661563266311900000000011032201526020                         1672 
0000001000000110040606000006060500000060003006051066662606066060000060000001661 
00000000000000600606566000000000000011032201325020                         1662 
4632151100000002441111111111111235454122221212344444222222333332233202222221651 
22222222222222222222233300021400040321621101325020                         1652 
2634151212122212246424666666566220536233603646635361414666414013113166661661641 
15366643644661612064433300021000000011021200326020                         1642 
5273412222122111225555353455555451331311133216056434665654645065601643666621631 
42434614635603661256456400000000000011922102241020                         1632 
4615231112112111146516665665346621161661233666431114414116416616116341656642811 
61364616362116111316646111821400040311421311426620                         1282 
1523461112111213646633666666666444603432233334643344446463545622266666636651271 
66666644662246366662555200001001500011922421526851                         1272 
5341261222112213434656656646566324253436635423436265556566544316442565546351261 
44536655665663452544345500001700100312921221526471                         1262 
5123461112212113343435466451655462354354224444345645121216214566126242566461251 
32645113444351126416565100000000100011121211546372                         1252 
6142430112122123402535565534445432501141441114544544335446344535161444114621241 
41444433666361461441641610001430140321910412536457                         1242 
2221230010011114401664066060000646166361164614442213664661656636331565113521231 
45165612554132422612266600000000000011131213626133                         1232 
2315644222222211155455564643563134434344333446365665456666466555466645666161221 
25626156654511546662413211800000000021541123526871                         1222 
6514231111122211443545666666666343433435333444643464543466014444433464644441211 
44454453445541443463434311821030140311131321626220                         1212 
2310001100022111146666666666666130406401113346630163666260606056030106610311201 
60606060515111115161666612000000000011131123616036                         1202 
1265340222011113684366615666346631262666666366633166663631516631466666343111191 
63161616011263616141166600000030100011940123726136                         1192 
4653121111212012253235434545443654464461563542511616665464613616133626252521181 
52256622211256153222655300020300000011031211716061                         1182 
0000001110212112201020356055560231416606321020000000660402421101101111100111171 
11111101144301334344344400000000000001021311726020                         1172 
3451260211221112206664646654466616166661242436302550654212546341361665262431161 
52665532564464562363645600021030740211031211716053                         1162 
1432561110212211656313666666666635321446331236621113661666016661060666616121151 
22664665066666601301666100000000000011021312666061                         1152 
3421561888888884435666655655556133231323323226644654666344624636141462653140291 
44464433446566651363445310000000010011932321426071                         0292 
0010001100011111046646666666466606466000360606606356646101616616061665151020301 
64665264420261421636466611100000000011020120436054                         0302 
0010001000010011446414604615064123621240353641524626146454564545565464654550311 
6564546464544500464545631190000000001203120
4532161112212212243546644354446644666361464646614344663446466444445566345450321 
45644445415655411143466400020000000010032421423020                         0322 
1001561211212016430666606666666440444444444441611666666666306466666666655660331 
66666666666666666666666600000000010311052021426050                         0332 
1264352212211113664615664616666416265456665546621363462616466446416161616160341 
64611646464661114666445410110110110311012421346020                         0342 
3245161111222112241666646666464616166301162646616546621360016003536363524530351 
53656435345266311441166600011000000011021022326020                         0352 
2000101001000002631221321252422113221211321126564446655634354433306456644450361 
35435405664524653546666400011400000011021223365057                         0362 
2315462222122111143666666666666633336144633526616614266661616116111166606330931 
33666633316663133236332610010000000011021213406020                         0932 
2030101211222112231656664634446616166660601166515664666662225662061605640160921 
05511634441422611106166500011000000011921311426020                         0921 
4571630111111114443434111132111655444464554446651665616664626661166666666110911 
44666166464665664666345200000000010311011411446053                         0912 
01000012122222133332511411136644552555253455365336635442416413223536043444300000
02335132442053325502455200000010000021141212456066                         0902 
1542361112211221686666666666066616116111166666341661666666466616161666626660891 
66661616611661611066666600000010710421131413456041                         0892 
2010000212212111633646666666566335566166361655522665665616165562350604656550371 
56650653342355454365553510010000000011921223322020                         0372 
3124561011222221644245445444434335011514033434454014432051131551115643113330381 
33333355440111141134544412311400010311231221322020                         0382 
6542341122222111435556656566566362611411616135612164666266666364366666335550391 
55616633555045161621266311900000010311012221320053                         0392 
5623141112212212233546456615444425264263354546642464664464126646223666625430401 
44334444645556354456455400010400000011122321326020                         0402 
3333222112011222543634666666666155355115515555615323355555555555545555555330411 
35555633333333333333555300010010010011032122221054                         0412 
4325162112212211144654464353504335565643546546545645546534543632506455456350421 
35465354645643546643646610000010000011331421225020                         0422 
2614351112221111634556456544466415255254244554523546555365544541444655553330431 
51202503221221133423355511700000000011130121245042                         0432 
2314651121220121126363626165666311611213111116661116161111111123453245456230441 
63146365054323130251166110100000000011112221226052                         0442 
0001201112222112405535566665566525555552253545521554535564455636545163644440451 
43355542434242231142155500011400000011422321066020                         0452 
0010001000000016050001250504645450545631234566416064656645166064666066604300461 
00666443650126641366435211900000000011031122015020                         0462 
4215061210220111104555656655665140655566615654356666553603536353353655350350471 
55665556556536605566355310000000000021641022125055                         0472 
5416321222222111201423645340211332221126655544345246432442452111461653433210481 
40313513164462016234446411911010310221030322125020                         0482 
5342161112222112433545645534454626265064644244535563464463446536453455664440491 
33662444503463663366254300011000010211422322125020                         0492 
2300101112221220042626266665666320404001336434433641241256001232203456646430501 
02653000030606063645631400011410200021022122155020                         0502 
4531261212222124404666666666666111100000000006625124161661666011601116666110511 
16666666116666666666616600000000010321542122125051                         0512 
2436511211222110541246455555555411455446665235544431545555564556401661660650521 
66666633256661111646666500000000000001522322226051                         0522 
4621352212221121641634666656666666113364463131054262566663366616161401141560531 
66364664616666664614656610110100000021022221225020                         0532 
0200101211222112641636556310536333451445334113224113113665433432661346636210571 
42556302113451462325366300010000000021022312026051                         0572 
0010201111220110006000600000000544342334444444554343345644445443323433231330581 
21121221322321100000600010000000000000031310020051                         0581 
2346151212221212243516455635556556143445552633304306353266545064250135633120611 
35666344256234246664435200010000000012822312124017                         0612 
4612531221111111454445505555555616264365334635625144661146134116111161616311031 
33663163452665311164164411900000000011211411526033                         1032 
4316250111212111116644115666606666665655653546613661640444444444666604000401021 
04500050000056000005060011810100000000041213526045                         1022 
0000001011012112454605445545554556404544555556553455666453435334454003444441011 
33403444334434353343444400010000010011331411526051                         1012 
4513262222222222254656556666555346565461154641246111611164111611141111612110621 
14166651615561166665553411800000000021042212125017                         0622 
3641251222121112433131111111111133366660545566661666666161101116161661111160631 
11616666111161111166666100020000040011952312125020                         0632 
4000001011000006624636666666666660623406616114616611566361435524451632412210641 
43434325654333554461355110000000000021722212145020                         0642 
0000000212212110084435655636565334444005400005522536121100616113361142116250651 
40534664554535552525541211700000000011131312145020                         0652 
0010221010000000600000213451234320434213232114123456321044333321143211443310661 
32431111103342564132514210020030040001020212400200                         0662 
1000001011011006642146266666566644506666565655524644646565555603565405040330671 
53403523252132224215333011700000000011111212245020                         0672 
4563121122021112201345155465655412332611322513163231323646043251403022356640681 
05324315664215556553354300210000000021010112226020                         0682 
2653411011211115585545065345566116661616661615514566554654564556445555560440691 
46566554546465454554344500000000000021011210226042                         0692 
4321651212221111422666666656666666166666166666616622616611631161111666640440701 
63661616666611165661614610020030040311141212256033                         0702 
2653410011222210543145555645406111161343430444433664434644334433344343333330000
43434433434333343343344300000000005011021311226142                         0712 
4512361212222111134556466645456625251152253425431636564263624546431164616140721 
53564665463551254535244311830000040311010312256051                         0722 
2514361222212116656656566666666565465666666114414654656260666632566655511130261 
15112532232111431125666612421700000011131221426035                         0262 
13245600101102166041414641446661134344206535553453266336326354563655330271 
35254340345313352363134600020000000021022312426054                         0272 
1325461112222111653444455646556314333361303036632515656160616661151066001440281 
44666640164452444525345411900000000011021222426020                         0282 
6413251112111111451634566645666315253365665335522555555536225555226555225550881 
33555255223365252555545312300000000011121312325020                         0882 
3512462112111111441666245025114354665455214356434524614504511460664541506200871 
05630240060606060426653510010000000011021311326053                         0872 
0000001112212112243633666666666264635356156556615566665656365604656656540450861 
16563546156416546161656100011700000011031311326051                         0862 
2531642112111211443536565546566335612336346212433224556266626123155465206364254 
42545246555442233454233111900000010311011311335653                         0852 
5431262212112114245555555565555554555446345554415464546661546526345242224344434 
44343434334352333333455500011000000011031211324051                         0842 
5321461212110114040254366166506435225544235210562166554545214454355665451120831 
56652255566654555344334115101000102111821313255043                         0832 
4325161122221112043536666606566435066456464535521446645464525446443644223237821 
52323422235353532343235310020000000011011312351020                         0822 
1000001212212216604445444344444444434443444445533555552530552552252452555020811 
22255555522225550222252240311031311326052002013566                         0812 
0000000211222214431666666666666116116161666136636412356366663036342363664650801 
66156541036211466166661100000000040321750112320040                         0802 
0000001242242421145463233445666111111111111115543312666666555666544456556560791 
54543544643535456556554512400000000011932312345055                         0792 
1634251111122113633625565656666646565662654554613664546243126525335463524330781 
53453434334463343453455400021000000011222312245051                         0782 
0021000211222111424636566666662221322233424256246664556666165633644532664500771 
44454634633441633334345101180000000002133211222305                         0772 
3425161211121112246666655544564416263332454536555655666666655655655564554550761 
55466556545564554655456600020000000011932412221020                         0776 
0000001112122214432644653566466546356223643246421633634335634512352461243530751 
63431234534343623434666300000000040322941211246032                         0752 
5614321222122220043545555646656333534233424435545445224353343354354323532230741 
34525234342466342426424212600000000021021511256020                         0742 
6325141211222112233555454644556253215346664135522645546666352545455252414530731 
41434445432532545545455500021400000021822212256105                         1073 
4563120112000002236666666646666366656666666666661666665626226666646666616660561 
66666666266665666666666600021000000011921512055051                         0562 
0001002210200100445545555555455450554555455554435355554555555555555554555450591 
55505050505555555454454541190000000021020312526054                         0592 
4523161012211212243545555645545643656616136364502255455444144452434444544334445 
44553434343435442234444300021000000000020212024020                         0602 
2613452112111101443444555466663113436434444654112515651564616563616646364441081 
04661534441366130241546310000000000012031311546053                         1082 
27631510120121122466666666666666666111661611661166666666616660616666661611071   
64661116666666661161166600020000000011732213200061                         1072 
4516321221221111133636566666466136661366166164216644666665436616446666646114445 
44514646355211213216643510000000000011851211546071                         1062 
0000011121211220000060000000000666666666666666655666666664666666666666661111051 
66661616114166616611666600020000000011030311510020                         1052 
5162142122221122345232422564353232543432153432434563343465403152132112530131041 
32436352413145664544211000202000000213111511566063                         1042 
2536141012211111243444454035431343504203456552432233434524354302343123234331451 
44443543232434501324323200000000000011920312142120                         1452 
1643521112211225644463545636465433146221464655432635442564402432224362436521441 
54444534314451142446134511920100040321121312246551                         1442 
2634151112212112234626656656466643236626163526642666623463633546364144445341431 
43335564343553242513466212822200000011012602256210                         1432 
1453622112121110624646446666666116111436426334422644444466515426356263615151421 
41363366443464341444133300000030200001812312256453                         1422 
2534161212221112224646666646666336453352454334443555445253415556464262655351411 
34563555646562354555444300021400000021122212246520                         1412 
1625341212111126646654666655466414133414433334441666646366310613461166545231401 
43644143466453344334344400000000000021041312223675                         1402 
6666161212121212245555555555555155551555555552111111542305316403603255363231391 
64130435616636164452166411700000000021011421346853                         1392 
5423161212112111222134121132111554165263254545211666
61562552225252261562566600000000000021812421256053                         0542 
6234151212221212243444456646466416165464633646424564554555336544252666615130551 
52563433246666164614244400020400000011141223246055                         0552 
0300121211212110553236564035444530266552302636233366544343624666460665453220011 
54652403403335360353456200021400000012041123716061                         0012 
3216541212111112106546524656656316564506465654534145355652506544503545465540021 
56666504566565564132565411900000000011041223716073                         0022 
3200101111221112233456554456563654365363252504523354444562456334422655333430031 
53642403023225334256445500021431540311031123716061                         0032 
4630121111212212540600006600006106066125666515546215636553536626233662635230041 
35366333533543661453355300010400000000131123716071                         0042 
3147260222112216653221103111111111111111111112411616102134345604601123342340062 
12340012111111321111311111821030100021050121625051                         0052 
5142361112212113483666666666666616166160106616601116611161616611011666616110062 
61161111111116111111166100000000000001931223625020                         0062 
0201001111000022051222550050555000000015101000000044430000002230404434303000111 
00020200204006200033055000000000000000030020600051                         0112 
5432160201111115246564666666353616003666633656201162662633621035532465323520121 
56663663353356655366565211900000000011041121616056                         0122 
0142301444000001040606600600606106430033302105565544465004406610666656604600131 
61605005330003363036666610521431540311932321646053                         0132 
2435161111212112254656666666666664404444444446635446666640666336602606222200141 
61564044524554442552555500020100000011321220616071                         0142 
3425101122211112246666666666666111166661661666661666663660616666666666146030151 
56666651455666601116666011721000040311132521526031                         0152 
5416320212112111143444456646466133105125513114421535444545514144445454335340161 
53452341343555333533125612300000000021832321526053                         0162 
2641531111222114466455456645465143354344363545433466562543644631152655334530171 
64614646642166645462556100000000040312041021515071                         0172 
2314561122211111650000566666666110136334446402644566666666166661614664613060181 
30146430444440343431111111900000000011022321525053                         0182 
5431261120000002254536566665566555552304000336631445556262413611166263312120201 
44112543223362131336336611921000040311510221526020                         0202 
0000000100000000046000444030445114044044440445444555550550505504505550300320211 
00003025550505044540444402000002010000000180020032                         0212 
6435121112211112554556666666666616165362352536623464642213443031304101650130221 
41650134164252221213255211821431500011212321561051                         0222 
3412651112211111106666666666666163312563630305110166162646115116261462111520231 
61265431122221451214266611900000000011222421545033                         0232 
6531241112211211443426566556566634354443351635342565532666625646353655214340241 
34663553156665665553465211826000040311031421526071                         0242 
2641532112212111436546665645564465355426564556545656666311646651562654545350251 
46634054236665364545000012400000000000021020420020                         0252 
0000001010000011655226655635454633366366163664333666666633311666361666663130101 
66643615331166611163666111820100000011042320626051                         0102 
1523460111212126643546466546466324454353344435432466534666366626153662515260091 
44635546536562526333345311800000000021141221626041                         0092 
1342650222212116653445566565644623334262363635426135152651544116563156334450081 
41634523113523546563423100000000000011951021626061                         0082 
2145360211110113655646436655655664566641656446055656645314616651656666530120071 
52665646515636361354000011900000000011030221610053                         0072 
0021001211222112405555664656666444444444503336526466666662206556362664535230191 
35353555555355563453555510200000040301111221525032                         0192 
   Y,?
»