S  1
 00008
S  3
S  4
   1 SQUARE FEET
   2 POUNDS OF LAUNDRY
   3 100% INPATIENT 
   4 MED RECORDS % TIME 
   5 # OF FTE EMPLOYEES 
   6 # OF NURSING EMPS
   7 % TIME NURS ADM
   8 DEPARTMENTAL REVES 
   9 INPATIENT REVENUES 
  10 OUTPATIENT REVES 
  11 # OF PATIENT DAYS
  12 PURCHASED SUPPLIES 
  13 REVENUES + EXPENSE 
  14 # OF PBX EXTENSION 
  15 # OF OCCUPANT HRS
  16 ASSET DOLLAR VALUE 
  17 % COSTED WR ORDERS 
  18 HSK SQUARE FEET
  19 HOUSEKEEPING HOURS 
S  6
   1 SCHUMPERT MEMORIAL HOSPITAL
   2 19-0041
     123172 
C  1
   3 48413. 
   4 2313.
   8 4560.
  10 300. 
  11 3352.
  12 3263.
  15 15601. 
  27 77802. 
C  2
   3 14313. 
   4 982. 
  24 1037766. 
  27 1053061. 
C  4
   3 62726. 
   4 3295.
   8 4560.
  10 300. 
  11 3352.
  12 3263.
  15 15601. 
  24 1037766. 
  27 1130863. 
C  8
 171 51737. 
 160 897629.
 166 69447. 
 114 125659.
 118 78181. 
 119 95376. 
 120 106402.
 123 141886.
 128 11237. 
 133 17786. 
 134 67338. 
 135 45987. 
 126 12557. 
 130 7705.
 169 52383. 
 132 33496. 
 161 120260.
 136 14124. 
 117 31255. 
 151 2349.
 141 6293.
 100 186158.
  91 135195.
  98 162100.
  97 68544. 
  18 760. 
  33 34820. 
  20 14275. 
  21 5856.
  23 5035.
  25 3646.
  26 3373.
  31 24756. 
  34 8052.
  35 33853. 
  36 17839. 
  37 27235. 
  38 9398.
  39 30768. 
  40 25041. 
  87 13557. 
  41 4801.
  42 53557. 
  43 3472.
 103 49105. 
  44 3333.
  48 3895.
  55 4719.
 101 41248. 
 174 2963478. 
C  9
 171 1789.
 160 33841. 
 166 4448.
 114 114717.
 118 12061. 
 119 241909.
 120 87576. 
 123 206177.
 128 32721. 
 133 235. 
 134 64637. 
 135 200359.
 126 32128. 
 130 7199.
 169 31807. 
 132 9507.
 161 7186.
 136 17365. 
 117 683. 
 141 1871.
 146 5368.
 100 242710.
  93 63418. 
  91 10335. 
  98 15039. 
  97 33006. 
  18 4356.
  33 608. 
 113 6441.
  20 1091.
  21 1195.
  31 54450. 
  35 5714.
  36 9949.
  37 1162.
  38 1102.
  39 8738.
  40 25329. 
  87 547. 
  41 15.
  42 14269. 
  45 27819. 
  43 1123.
 103 7201.
  44 2268.
  48 234. 
  51 1195.
  55 643. 
  76 65835. 
  83 13509. 
  86 303227.
  17 10185. 
   1 141385.
  12 7639.
   9 76334. 
 174 2271655. 
C 11
 119 -164855. 
 123 -25565.
 128 -30112.
 130 -6375. 
 169 -10783.
 100 -190464. 
  91 -8599. 
  98 -4941. 
  40 -3696. 
 103 -2033. 
  86 -1858. 
  17 -21478.
   1 -13423.
 174 -484182. 
C 42
 171 53526. 
 160 931470.
 166 73895. 
 114 240376.
 118 90242. 
 119 172430.
 120 193978.
 123 322498.
 128 13846. 
 133 18021. 
 134 131975.
 135 246346.
 126 44685. 
 130 8529.
 169 73407. 
 132 43003. 
 161 127446.
 136 31489. 
 117 31938. 
 151 2349.
 141 8164.
 146 5368.
 100 238404.
  93 63418. 
  91 136931.
  98 172198.
  97 101550.
  18 5116.
  33 35428. 
 113 6441.
  20 15366. 
  21 7051.
  23 5035.
  25 3646.
  26 3373.
  31 79206. 
  34 8052.
  35 39567. 
  36 27788. 
  37 28397. 
  38 10500. 
  39 39506. 
  40 46674. 
  87 14104. 
  41 4816.
  42 67826. 
  45 27819. 
  43 4595.
 103 54273. 
  44 5601.
  48 4129.
  51 1195.
  55 5362.
  76 65835. 
  83 13509. 
  86 301369.
  17 -11293.
   1 127962.
  12 7639.
   9 76334. 
 101 41248. 
 174 4750951. 
C 13
 160 2155851. 
 166 59803. 
 114 332905.
 118 51823. 
 119 421230.
 120 384837.
 123 503131.
 128 57823. 
 133 29430. 
 134 289894.
 135 447979.
 126 77662. 
 130 14400. 
 169 43997. 
 132 86213. 
 161 200891.
 136 41197. 
 117 47192. 
 151 2055.
 141 7611.
 143 14301. 
 174 5270225. 
C 14
 114 3740.
 118 91.
 119 1590.
 120 41586. 
 123 26269. 
 128 2195.
 133 1793.
 134 1449.
 135 9619.
 126 2866.
 130 2469.
 169 78174. 
 132 3447.
 136 18442. 
 151 63.
 143 7938.
 174 201731.
C 15
 160 589162.
 114 91296. 
 119 75817. 
 120 86334. 
 123 122207.
 128 24781. 
 133 7323.
 134 95326. 
 135 124222.
 126 28359. 
 130 2360.
 169 10106. 
 132 35443. 
 161 56486. 
 136 9332.
 117 9533.
 151 125. 
 141 58.
 143 1471.
 174 1369741. 
C 16
 120 4090.
 123 732. 
 128 300. 
 133 146. 
 134 73.
 135 74.
 126 91.
 130 40.
 169 4140.
 132 701. 
 136 200. 
 143 3984.
 174 14571. 
C 42
 160 2745013. 
 166 59803. 
 114 427941.
 118 51914. 
 119 498637.
 120 516847.
 123 652339.
 128 85099. 
 133 38692. 
 134 386742.
 135 581894.
 126 108978.
 130 19269. 
 169 136417.
 132 125804.
 161 257377.
 136 69171. 
 117 56725. 
 151 2243.
 141 7669.
 143 27694. 
 174 6856268. 
C 21
 171 300. 
 160 110238.
 166 3450.
 114 6380.
 118 8530.
 119 150. 
 120 8740.
 123 4425.
 128 300. 
 133 2490.
 134 3400.
 135 1775.
 126 150. 
 130 300. 
 169 3800.
 132 1175.
 161 6982.
 136 500. 
 117 1250.
 151 100. 
 100 7450.
  91 30292. 
  98 2490.
  97 5850.
  18 600. 
  33 6994.
  20 600. 
  39 2600.
  87 700. 
  42 600. 
  45 300. 
 103 2400.
  17 7191.
 143 200. 
 101 4625.
 174 237327.
C 22
 160 578280.
 166 14572. 
 114 132104.
 118 64423. 
 120 25625. 
 133 5856.
 134 4021.
 169 25074. 
 161 23719. 
 174 873674.
C 23
 160 100. 
 174 100. 
C 24
 160 93.
 169 3. 
 161 4. 
 174 100. 
C 25
 171 9. 
 160 299. 
 166 26.
 114 34.
 118 26.
 119 12.
 120 33.
 123 32.
 128 5. 
 133 4. 
 134 24.
 135 10.
 126 3. 
 130 2. 
 169 13.
 132 11.
 161 36.
 136 4. 
 117 9. 
 151 1. 
 141 1. 
 100 92.
  91 20.
  98 83.
  97 28.
  18 1. 
  33 5. 
  20 2. 
  21 1. 
  23 1. 
  25 1. 
  26 1. 
  31 8. 
  35 13.
  36 4. 
  37 10.
  38 4. 
  39 11.
  40 10.
  87 3. 
  41 2. 
  42 3. 
  43 1. 
 103 15.
  48 1. 
 174 914. 
C 26
 171 9. 
 160 299. 
 166 26.
 118 26.
 128 5. 
 134 24.
 169 13.
 161 36.
 117 9. 
 151 1. 
 174 448. 
C 42
 171 318. 
 160 689309.
 166 18074. 
 114 138518.
 118 73005. 
 119 162. 
 120 34398. 
 123 4457.
 128 310. 
 133 8350.
 134 7469.
 135 1785.
 126 153. 
 130 302. 
 169 28903. 
 132 1186.
 161 30777. 
 136 504. 
 117 1268.
 151 102. 
 141 1. 
 100 7542.
  91 30312. 
  98 2573.
  97 5878.
  18 601. 
  33 6999.
  20 602. 
  21 1. 
  23 1. 
  25 1. 
  26 1. 
  31 8. 
  35 13.
  36 4. 
  37 10.
  38 4. 
  39 2611.
  40 10.
  87 703. 
  41 2. 
  42 603. 
  45 300. 
  43 1. 
 103 2415.
  48 1. 
  17 7191.
 143 200. 
 101 4625.
 174 1112563. 
C 27
 160 43.
 166 15.
 118 15.
 128 1. 
 134 3. 
 169 15.
 161 7. 
 151 1. 
 174 100. 
C 28
 160 2155851. 
 166 59803. 
 114 336645.
 118 51914. 
 119 422820.
 120 426423.
 123 529400.
 128 60018. 
 133 31223. 
 134 291343.
 135 457598.
 126 80528. 
 130 16869. 
 169 122171.
 132 89660. 
 161 200891.
 136 59639. 
 117 47192. 
 151 2118.
 141 7611.
 143 22239. 
 174 5471956. 
C 29
 160 2155851. 
 166 59803. 
 114 332905.
 118 51823. 
 119 421230.
 120 384837.
 123 503131.
 128 57823. 
 133 29430. 
 134 289894.
 135 447979.
 126 77662. 
 130 14400. 
 169 43997. 
 132 86213. 
 161 200891.
 136 41197. 
 117 47192. 
 151 2055.
 141 7611.
 143 14301. 
 174 5270225. 
C 30
 114 3740.
 118 91.
 119 1590.
 120 41586. 
 123 26269. 
 128 2195.
 133 1793.
 134 1449.
 135 9619.
 126 2866.
 130 2469.
 169 78174. 
 132 3447.
 136 18442. 
 151 63.
 143 7938.
 174 201731.
C 31
 160 56325. 
 161 2313.
 174 58638. 
C 32
 171 1789.
 160 33841. 
 166 4448.
 114 114717.
 118 12061. 
 119 35840. 
 120 87576. 
 123 78325. 
 128 2609.
 133 235. 
 134 64637. 
 126 32128. 
 130 824. 
 169 21024. 
 132 9507.
 161 7186.
 136 17365. 
 117 683. 
 141 1871.
 146 5368.
  93 63418. 
  98 15039. 
  97 33006. 
  18 4356.
  33 608. 
  20 1091.
  21 1195.
  31 54450. 
  35 5714.
  36 9949.
  37 1162.
  38 1102.
  39 8738.
  40 25329. 
  87 547. 
  41 15.
  42 14269. 
  45 27819. 
  43 1123.
 103 7201.
  44 2268.
  48 234. 
  51 1195.
  55 643. 
  76 65835. 
  83 13509. 
  17 10185. 
 174 902034.
C 42
 171 1789.
 160 4401911. 
 166 124069.
 114 788007.
 118 115904.
 119 881480.
 120 940422.
 123 1137125. 
 128 122646.
 133 62681. 
 134 647326.
 135 915196.
 126 193184.
 130 34562. 
 169 265381.
 132 188827.
 161 411288.
 136 136643.
 117 95067. 
 151 4237.
 141 17093. 
 146 5368.
  93 63418. 
  98 15039. 
  97 33006. 
  18 4356.
  33 608. 
  20 1091.
  21 1195.
  31 54450. 
  35 5714.
  36 9949.
  37 1162.
  38 1102.
  39 8738.
  40 25329. 
  87 547. 
  41 15.
  42 14269. 
  45 27819. 
  43 1123.
 103 7201.
  44 2268.
  48 234. 
  51 1195.
  55 643. 
  76 65835. 
  83 13509.
  17 10185.
 143 44478.
 174 11904684.
C 33
 171 53526.
 160 3087321.
 166 133698.
 114 577021.
 118 142156.
 119 760105.
 120 620401.
 123 877463.
 128 103976.
 133 49244.
 134 423318.
 135 703944.
 126 125213.
 130 31773.
 169 206361.
 132 132663.
 161 328337.
 136 91128.
 117 79130.
 151 4467.
 141 15775.
 146 5368.
 100 428868.
  93 63418.
  91 145530.
  98 177139.
  97 101550.
  18 5116.
  33 35428.
 113 6441.
  20 15366.
  21 7051.
  23 5035.
  25 3646.
  26 3373.
  31 79206.
  34 8052.
  35 39567.
  36 27788.
  37 28397.
  38 10500.
  39 39506.
  40 50370.
  87 14104.
  41 4816.
  42 67826.
  45 27819.
  43 4595.
 103 56306.
  44 5601.
  48 4129.
  51 1195.
  55 5362.
  76 65835.
  83 13509.
  86 303227.
  17 10185.
   1 141385.
  12 7639.
   9 76334.
 143 22239.
 101 41248.
 174 10707089.
C 34
 171 3.
 160 19.
 166 3.
 114 4.
 119 2.
 120 4.
 123 7.
 128 1.
 133 1.
 134 2.
 135 3.
 126 2.
 130 1.
 169 2.
 132 2.
 161 3.
 136 1.
 117 2.
 100 5.
  91 4.
  98 1.
  97 1.
  33 4.
  20 1.
  23 1.
  25 1.
  26 1.
  31 2.
  34 1.
  35 3.
  36 2.
  37 2.
  38 1.
  39 3.
  87 2.
  42 5.
  43 1.
 103 3.
  44 1.
  48 4.
  51 6.
  55 1.
  17 12.
 143 1.
 174 131.
C 35
 171 9360.
 160 1662760. 
 166 27040. 
 114 35360. 
 118 27040. 
 119 12480. 
 120 34320. 
 123 33280. 
 128 5200.
 133 4160.
 134 24960. 
 135 10400. 
 126 3120.
 130 2080.
 169 13520. 
 132 11440. 
 161 92952. 
 136 4160.
 117 9360.
 151 1040.
 141 1040.
 100 95680. 
  91 20800. 
  98 86320. 
  97 29120. 
  18 1040.
  33 5200.
  20 2080.
  21 1040.
  23 1040.
  25 1040.
  26 1040.
  31 8320.
  35 13520. 
  36 4160.
  37 10400. 
  38 4160.
  39 11440. 
  40 10400. 
  87 3120.
  41 2080.
  42 3120.
  43 1040.
 103 15600. 
  48 1040.
 174 2357872. 
C 36
 171 11436. 
 160 308491.
 166 22925. 
 114 137131.
 118 25987. 
 119 17115. 
 120 379534.
 123 199266.
 133 14376. 
 134 35552. 
 135 5049.
 130 14599. 
 169 33960. 
 132 31450. 
 161 91986. 
 136 296630.
 117 6961.
 146 15988. 
 100 131375.
  91 8548.
  98 15140. 
  97 5183.
  33 16711. 
  21 23336. 
  39 49040. 
  87 7059.
  42 19045. 
  43 6266.
 103 61643. 
  55 837. 
  17 95513. 
 143 15571. 
 174 2103703. 
C 37
 171 81.
 160 5353.
 166 140. 
 114 463. 
 118 188. 
 119 27.
 120 327. 
 123 359. 
 133 7. 
 134 482. 
 135 63.
 126 34.
 130 9. 
 169 110. 
 132 51.
 161 175. 
 136 50.
 117 25.
 151 20.
 141 1. 
 100 515. 
  98 279. 
  97 165. 
  33 167. 
  21 12.
  25 2. 
  31 59.
  35 77.
  36 3. 
  37 22.
  38 29.
  39 15.
  40 21.
  87 15.
  42 317. 
  43 2. 
 103 54.
  44 54.
  48 27.
  17 51.
 101 149. 
 174 10000. 
C 38
 171 300. 
 160 110238.
 133 2490.
 134 3400.
 135 1775.
 132 1175.
 161 6982.
 136 500. 
 151 100. 
  98 2490.
  18 600. 
  33 6994.
  20 600. 
  39 2600.
  87 700. 
  42 600. 
  45 300. 
 103 2400.
  17 7191.
 143 200. 
 174 151635.
C 42
 171 74706. 
 160 5174182. 
 166 183806.
 114 749979.
 118 195371.
 119 789729.
 120 1034586. 
 123 1110375. 
 128 109177.
 133 70278. 
 134 487714.
 135 721234.
 126 128369.
 130 48462. 
 169 253953.
 132 176781.
 161 520435.
 136 392469.
 117 95478. 
 151 5627.
 141 16816. 
 146 21356. 
 100 656443.
  93 63418. 
  91 174882.
  98 281369.
  97 136019.
  18 6756.
  33 64504. 
 113 6441.
  20 18047. 
  21 31439. 
  23 6076.
  25 4689.
  26 4414.
  31 87587. 
  34 8053.
  35 53167. 
  36 31953. 
  37 38821. 
  38 14690. 
  39 102604.
  40 60791. 
  87 25000. 
  41 6896.
  42 90913. 
  45 28119. 
  43 11904. 
 103 136006.
  44 5656.
  48 5200.
  51 1201.
  55 6200.
  76 65835. 
  83 13509. 
  86 303227.
  17 112952.
   1 141385.
  12 7639.
   9 76334. 
 143 38011. 
 101 41397. 
 174 15330430.
C 39
 160 1473.
 161 84.
 166 14.
 169 56.
 118 42.
 123 18.
 120 32.
 136 14.
 132 7. 
 133 15.
 141 20.
 151 4. 
 135 18.
  18 4. 
  21 20.
  31 7. 
  35 8. 
  37 5. 
  39 8. 
  40 2. 
  42 20.
  87 5. 
  43 2. 
 103 11.
  48 2. 
  17 147. 
 174 2038.
C 40
 160 56025. 
 161 2313.
 166 3263.
 169 5000.
 118 400. 
 123 27000. 
 120 21000. 
 136 400. 
 132 35000. 
 133 3200.
 141 300. 
 151 100. 
 135 135000.
 119 4000.
 128 600. 
 130 100. 
 114 4000.
 134 75000. 
 174 377001.
 126 200. 
 117 4000.
 143 100. 
C 41
 169 10783. 
 123 25565. 
 119 164855.
 128 30112. 
 130 6375.
 174 237690.
C 42
 160 57498. 
 161 2397.
 166 3277.
 169 15839. 
 118 442. 
 123 52583. 
 120 21032. 
 136 414. 
 132 35007. 
 133 3215.
 141 320. 
 151 104. 
 135 135018.
  18 4. 
  21 20.
  31 7. 
  35 8. 
  37 5. 
  39 8. 
  40 2. 
  42 20.
  87 5. 
  43 2. 
 103 11.
  48 2. 
  17 147. 
 119 168855.
 128 30712. 
 130 6475.
 114 4000.
 134 75000. 
 174 616729.
 126 200. 
 117 4000.
 143 100. 
 