1A     17875 22625 1020  -20
1AAC    5625  6125 1007   -7
1AAE   20000 23375 1013  -13
1AAF   17375 30000 1041  -41
1AAL    8250 12000 1030  -30
3AALX  14250 23000 1037  -37
1AAS   25750 29250 1011  -11
2AAV    5500  8750 1036  -36
1AB     9625 12000 1019  -19
1ABA    6500  9500 1031  -31
3ABAN  26750 32250 1016  -16
1ABC   23750     0 1000    0
3ABDC  25125 30375 1016  -16
3ABEF   7250  8000 1008   -8
2ABF    9625     0 1000    0
1ABG   17250 26500 1034  -34
3ABIC   9000 18250 1050  -50
3ABITF  9500 10750 1011  -11
3ABKP  34500 37000 1006   -6
2ABL    9250 11625 1019  -19
3ABLA  14000 34375 1058  -58
3ABLD  11000 12750 1013  -13
1ABM   10750 23000 1052  -52
3ABNC  29500 38500 1022  -22
3ABNJ  14000 14750 1004   -4
3ABOT  12000 23500 1048  -48
2ABP   15750 21750 1027  -27
1ABS   13375 16832 1020  -20
3ABSH  28250 30500 1006   -6
1ABW    5500  7250 1023  -23
1ABZ   12000 20625 1041  -41
1AC    31500 30625  997    3
1AC*   24375 25250 1002   -2
1ACA    6250  9250 1031  -31
1ACAC  24000 26500 1008   -8
2ACC    9500 10750 1011  -11
1ACD   31500 32750 1003   -3
3ACET   6750  8000 1015  -15
2ACH   13625 14750 1007   -7
3ACIN   8750     0 1000    0
1ACK   23500 26625 1011  -11
2ACM   16875 12125  961   39
3ACME   8375 10500 1019  -19
3ACMT   7000 17250 1058  -58
1ACN   21125 19750  993    7
1ACO   17250 21625 1019  -19
3ACOK  17500 23750 1025  -25
3ACOM   5625  7000 1019  -19
3ACON   8250 13000 1036  -36
3ACSH  24000 29500 1018  -18
1ACT   19875 25125 1020  -20
3ACTY   7375  7000  995    5
1ACV   14000 22500 1037  -37
1ACY   23625 31375 1024  -24
3ADBEA  5000  4500  989   11
1ADC   21500 26000 1016  -16
1ADD    6125  9500 1035  -35
1ADL    9250 13250 1029  -29
1ADM   27375 24375  988   12
3ADME   8875     0 1000    0
2ADO    8875 15500 1042  -42
1ADP   15000 18000 1016  -16
3ADRG   5750 19625 1070  -70
1ADS   19875 22500 1011  -11
3ADSNB  5500  6875 1019  -19
2ADU   26250 27500 1004   -4
1ADV    6875  9250 1025  -25
1ADV*  12875 13250 1002   -2
3ADVN  10875 12875 1015  -15
1ADX   12500 13125 1004   -4
3AEAGF  5812  3750  945   55
1AEP   25375 28000 1008   -8
3AEST   6000 11625 1047  -47
1AEX*   5250  8250 1035  -35
3AFAM  14000 17750 1020  -20
3AFAP   8000 16000 1049  -49
2AFD    5750  7000 1017  -17
3AFDR  13000 19250 1031  -31
2AFH    6000  8500 1028  -28
3AFID   9250 23000 1059  -59
3AFIL   7500  9500 1020  -20
3AFIN  12500 16750 1024  -24
3AFLT  29125 33250 1011  -11
2AFM   26250 28000 1005   -5
3AFNL  28250 33500 1015  -15
1AFS   16500 19750 1015  -15
1AFS*  18125 19250 1005   -5
3AFUR   7500  8000 1005   -5
1AG    22750 24375 1006   -6
1AGA   16500 15625  994    6
3AGAS  11500 11625 1000    0
1AGB   26000 27250 1004   -4
1AGC   15875 17750 1010  -10
1AGC*  26500 29250 1008   -8
2AGE    5125  7500 1031  -31
1AGG    9875 12000 1017  -17
1AGL   11000 14000 1020  -20
3AGLT  14500 15000 1002   -2
1AGM   23750 25125 1004   -4
3AGMI   5125  7000 1026  -26
3AGMT   5000  6750 1025  -25
2AGP   13375     0 1000    0
1AGS   17875 20125 1010  -10
1AH     8750 10750 1018  -18
1AHC   32500 40375 1019  -19
3AHER  20875 29500 1028  -28
1AHM   15125 23625 1035  -35
1AHO   11000 13875 1020  -20
3AHST  10000 11250 1010  -10
3AHTL   5250  7375 1028  -28
2AHX   10125 15000 1032  -32
1AIC    9500 10750 1011  -11
3AICO  18250 21750 1015  -15
2AIE   10375 16500 1036  -36
1AIN   14000 24500 1042  -42
3AINC   9250 15750 1040  -40
3AIND   5500 14000 1060  -60
3AINV  11875 14625 1018  -18
2AIP    7000 10000 1029  -29
2AIR   12500 23000 1045  -45
3AITS   5625  6625 1014  -14
2AJX   15375 15250  999    1
2AKG   21750 24750 1011  -11
1AKI   28750 29250 1001   -1
1AL    26875 25375  994    6
2ALA    9125 12250 1025  -25
1ALB   30000 38000 1020  -20
3ALBR   6500 15000 1056  -56
2ALC    7125 10875 1033  -33
3ALCO  14250 16750 1014  -14
3ALEX  11125 12250 1008   -8
2ALF    8375 10000 1015  -15
1ALL    6500  7375 1011  -11
3ALLC   9000 13500 1032  -32
1ALM   29750 41125 1027  -27
1ALN   11000 14524 1023  -23
1ALR   10250 13250 1022  -22
1ALS   24375 33000 1025  -25
2ALT    6750  8750 1022  -22
3ALTN  27000 23500  985   15
3ALTP   7500 10000 1024  -24
2ALY    9000 10750 1015  -15
1AMA   16375 27125 1039  -39
3AMAD   6375  9375 1031  -31
3AMAT   7500 11250 1032  -32
3AMBA   7250  9000 1018  -18
2AMC    9000     0 1000    0
3AMCA  11000 18500 1040  -40
3AMDV   8625 14250 1038  -38
1AME   11875 16125 1025  -25
1AMF   26750 34250 1021  -21
1AMI   17125 26875 1035  -35
3AMKT   7000 10250 1031  -31
3AMLF   5500  6875 1019  -19
2AMM   18625 43000 1056  -56
3AMMA  14750 16000 1007   -7
3AMME   6125 13375 1053  -53
3AMMS  14750 15750 1005   -5
1AMN   13375 15750 1014  -14
1AMO    6750  8125 1016  -16
3AMOS  34500 38500 1009   -9
1AMR   14375 19500 1025  -25
3AMRE   5250  7625 1030  -30
3AMRX   6500  8250 1020  -20
3AMSY   8500 17375 1050  -50
1AMT   12500 14625 1014  -14
3AMTL  13000 18625 1029  -29
3AMTV  27000 34500 1021  -21
3AMUS   5000  6500 1022  -22
1AMV   28000 31250 1009   -9
1AMX   29625 34625 1013  -13
2AMY   11875 16625 1028  -28
1AMZ    9875 15000 1033  -33
1AN    12000 14625 1017  -17
3ANAT   8625  9375 1007   -7
3ANBM  14500 14375  999    1
3ANDG   5000  5250 1004   -4
3ANGLY 10750  8750  977   23
3ANLG   8000 13250 1039  -39
3ANSA  17250 15500  989   11
2ANT   10500 20250 1047  -47
2AOC   11500 22500 1048  -48
1AOG   18625 23349 1019  -19
1AOL   13000 25125 1047  -47
3AORGB  6500  7250 1009   -9
1AP     7625  7500  998    2
1APA   12125 14125 1013  -13
1APC   12875 13500 1004   -4
3APCH  10125 12375 1017  -17
3APEN  24500 25000 1001   -1
2APH    7000 11000 1035  -35
3APHM  16750 26750 1036  -36
2APIA  32500 34500 1005   -5
3APIO   5375  5125  995    5
1APL    9375 17625 1046  -46
1APLB   8250 14250 1041  -41
1APLC  15250 17750 1013  -13
2APN    7500 10455 1027  -27
3APOL   5750  4500  972   28
3APSI  12750 21125 1039  -39
3APWRP 23500 30500 1022  -22
3AQAS  14500 19125 1023  -23
2AQC   22000 28625 1022  -22
1AR    17500 21125 1016  -16
2ARB   10250 10750 1004   -4
1ARE    6000  8750 1030  -30
3ARES  17000 31250 1045  -45
3ARGO   5500  8125 1031  -31
1ARH   23000 27000 1014  -14
2ARL   12500 15250 1017  -17
3ARLNS 14250 15750 1009   -9
1ARM   26000 36250 1027  -27
3ARMC  13125 21750 1039  -39
3ARMS   9000 10250 1011  -11
3ARNX   5875  5500  993    7
3ARNY  29125 43625 1032  -32
1ARO   15250 20000 1023  -23
3AROW  16000 20250 1020  -20
2ARP   11375     0 1000    0
3ARPJ   5000  4375  986   14
3ARRO  13000 19000 1031  -31
3ARTW  11000 14750 1024  -24
3ARUB   6750  7000 1003   -3
1ARV   15125 21125 1027  -27
3ARVC   9000 11750 1022  -22
2ARW    5500  8375 1033  -33
1AS    22000 22125 1000    0
1AS*   29625 30500 1002   -2
3ASAV  13250 13500 1001   -1
1ASC   19500 24125 1018  -18
3ASGN   7000  9625 1026  -26
1ASH   24000 28250 1014  -14
3ASHR  10250 11000 1006   -6
3ASKG  10250 13750 1024  -24
2ASM    8687 12875 1032  -32
1ASN    7250  9125 1020  -20
2ASP    7250 10122 1027  -27
2ASQ    8750 15000 1041  -41
1ASR   25000 26875 1006   -6
1ASR*   8875  9375 1004   -4
1AST   11125 11500 1002   -2
3ASTS  14000 15250 1007   -7
1ASZ   21125 28750 1026  -26
1ASZI  11000     0 1000    0
2AT    19625 21750 1009   -9
3ATCP   6250  5500  986   14
3ATCPU  7500  9000 1016  -16
1ATE   21250 22375 1004   -4
3ATEL  15000 22000 1031  -31
3ATEX   7000 18500 1061  -61
2ATF   25375 30125 1015  -15
1ATH   11000 14125 1021  -21
3ATHLG 22750 24000 1004   -4
3ATNG  12625 14250 1010  -10
1ATO    7000  8875 1020  -20
3ATOIP  5875  5750  998    2
1ATP    7125  7125 1000    0
2ATRA   7250  9875 1026  -26
3ATRKA 10500 10125  996    4
3ATST  28500 28500 1000    0
3ATWD  12250 19250 1035  -35
3ATWDU 14250 23000 1037  -37
2ATZ    9000 24125 1062  -62
2AUG   19250 31000 1037  -37
3AUND  15750 19750 1019  -19
3AURC   9375 15750 1039  -39
3AUTR  18500 21500 1013  -13
1AV     9250 13000 1028  -28
2AVC    5250  7000 1024  -24
2AVE    5000  7375 1031  -31
1AVS   33375 44375 1024  -24
1AVT    7250 10875 1032  -32
1AVT*  19000 23500 1018  -18
2AVX   16750 17750 1005   -5
3AVXC  18000 20000 1009   -9
2AW    14500 19250 1024  -24
2AWI   13750 19250 1028  -28
1AWK   11500 12125 1004   -4
1AWKA  16125 16125 1000    0
1AWKB  16500 16500 1000    0
1AWKC  20750 20375  998    2
3AWLD  11000 11625 1004   -4
3AWST   6750  8500 1020  -20
2AXE    7875  8810 1010  -10
1AXO   25125 28875 1012  -12
1AXR    5500 10500 1047  -47
1AYL   17750 23938 1025  -25
1AYP   20625 21125 1001   -1
2AZEA   6875  8500 1018  -18
2AZEB   7750  8375 1006   -6
2AZL   16125 18375 1011  -11
2AZLA   9250 11250 1017  -17
1AZP   20125 22000 1008   -8
2B     12625 18250 1030  -30
1BA    18000 23000 1021  -21
1BAC    5125  8125 1036  -36
3BACO   7750 10500 1025  -25
1BAI    6750  7875 1013  -13
1BAI*  28750 29500 1002   -2
3BAIDS 17500 20000 1012  -12
1BAK   23500 32375 1026  -26
3BAKE  16250 17750 1007   -7
2BAL    5625  6000 1005   -5
3BALL  12500 18000 1030  -30
3BALY  33750 53250 1036  -36
2BAN   21375 27500 1021  -21
3BANG  17125 17000  999    1
2BAR    6125  9750 1036  -36
3BARB  10500 12250 1013  -13
3BARD   6875 10875 1036  -36
3BARNS 16500 18750 1011  -11
3BARNU 18500 21625 1013  -13
3BARR   5875  5500  993    7
3BASS   6750  9000 1024  -24
1BAT    9875 13125 1024  -24
1BAT*  15000 17500 1013  -13
2BAV    6500  8500 1023  -23
1BAW   25500 26750 1004   -4
2BAY   10875 12500 1012  -12
3BAYL  12000 13750 1012  -12
3BAYM  11250 20375 1044  -44
3BAYS  29500 34750 1014  -14
2BB.A  19375 24500 1020  -20
3BBAF   5000  8500 1040  -40
2BBC*  13750 14000 1001   -1
3BBEE  11750 16250 1027  -27
3BBEG   8000 13500 1040  -40
1BBL   17125 33000 1047  -47
3BBLD  14750 20250 1026  -26
2BBN    6750  9000 1024  -24
1BBO   29000 38480 1024  -24
3BBRLC  8500 11000 1022  -22
3BBUS   6500  6500 1000    0
1BC    15875 28750 1044  -44
3BCAN   5500  8000 1030  -30
1BCC    9250  9625 1003   -3
3BCCN   6125  6500 1005   -5
2BCO    8250  9125 1009   -9
1BCR   24500 32250 1023  -23
3BCRD  19875 25375 1021  -21
2BCV   14625 16875 1012  -12
1BCX   14250 19554 1026  -26
2BDAA  11625 18500 1036  -36
1BDC   21250 29000 1026  -26
3BDEL  34000 36500 1006   -6
3BDET   5500  7000 1020  -20
1BDG   25250 31750 1019  -19
2BDN   13250 21000 1036  -36
2BDR   27375 46250 1040  -40
3BDVF   8500     0 1000    0
2BDW   13000 17938 1027  -27
1BEC   28000 40750 1030  -30
3BEKN   6625  9625 1030  -30
1BEL   20500 26000 1020  -20
3BELP   9750 10250 1004   -4
3BENTS  7000  8250 1014  -14
3BENTU  7250  9500 1023  -23
3BERK   6500  8750 1025  -25
3BEST  29500 56500 1047  -47
3BETZ  34250 38500 1010  -10
3BEVM   6750 12000 1043  -43
2BEX   15875 18125 1011  -11
3BEYE   7625  7625 1000    0
1BF    11250 14125 1019  -19
1BFC   20500 25250 1018  -18
2BFD*   5375  5625 1003   -3
2BFDA  22750 30250 1024  -24
2BFDB  22000 32125 1031  -31
3BFELY 17000 11125  947   53
1BFI   17250 28250 1038  -38
3BFLD   8875 11500 1022  -22
3BGAS  18000 20500 1011  -11
2BGD   33375 38000 1011  -11
1BGE   27500 28750 1003   -3
3BGLY   8000  8500 1005   -5
2BGO   18500 20750 1010  -10
1BGT    7000  8625 1018  -18
3BHAMY  6500  6875 1004   -4
2BHB    6875 12375 1043  -43
2BHK    5625  9750 1041  -41
3BHPL  32000 35000 1008   -8
1BHS   31625 39625 1019  -19
1BHW   28000 41125 1031  -31
1BHY    9500 13875 1031  -31
3BIBB   9125  9125 1000    0
2BIC   15750 23500 1032  -32
3BIGD  13000 16625 1021  -21
3BILO  10000 15000 1032  -32
2BIN   16500 18000 1007   -7
3BIND   8125  8750 1006   -6
2BIO    5000 10250 1050  -50
3BIOW  23750 24250 1001   -1
2BIR    5375  7000 1022  -22
3BIRD  20750 27250 1023  -23
1BIW   21375 26250 1018  -18
1BJ     6750 10750 1036  -36
3BJEW   6500  9125 1028  -28
1BK    33375 38625 1013  -13
3BKFR  32750 36750 1010  -10
3BKLMY 14500 19500 1025  -25
3BKNJ  34000 37000 1007   -7
3BKNOF  5875  7000 1015  -15
1BKO   24500 34375 1028  -28
1BKV   30000 34500 1012  -12
1BKY    9375 14250 1033  -33
3BKYN   7625  7500  998    2
2BL    18500 20500 1009   -9
2BLD    5375  6250 1013  -13
3BLDL   7500  8750 1013  -13
1BLI   18625 18750 1000    0
3BLOCA 17125 25750 1032  -32
3BLRGU  6750  7500 1009   -9
3BLUE  12375 13125 1005   -5
2BLX    5125  7375 1030  -30
3BLYVY  7125  5250  964   36
3BMAC  21000 25750 1017  -17
3BMEI   6500  6000  992    8
2BMI    9500 12000 1020  -20
1BMS   17125 23250 1025  -25
3BMSC  30000 57000 1046  -46
1BMT   25375 27875 1008   -8
3BMTRW  5250  7625 1030  -30
1BN    20750 28500 1026  -26
1BNC   22500 23750 1004   -4
2BNE   11875 23000 1047  -47
3BNER  11750 14250 1017  -17
3BNEW  17250 27500 1036  -36
1BNF    9500 13375 1028  -28
2BNFA   9250 13625 1031  -31
3BNFDF  5500  6000 1007   -7
2BNFW   9500 14500 1033  -33
1BNI   32500 42750 1023  -23
1BNI*   7750  7875 1001   -1
1BNK    8125 14875 1044  -44
1BNK*  14500 20000 1026  -26
1BNKC  24625 28000 1011  -11
1BNL   26250 44375 1040  -40
1BNLV  32500 33000 1001   -1
1BNS    9750 11750 1016  -16
3BNTA  11250 12250 1007   -7
2BNY   18750 23125 1018  -18
3BNZA   8750 13250 1033  -33
3BOAT  31500 30000  995    5
3BOBE  27000 30000 1009   -9
3BOHI  24750 27750 1010  -10
3BOHM  15250 16250 1005   -5
1BOK   20625 24375 1014  -14
1BOL   21500 21500 1000    0
2BOM   29625 28625  997    3
3BOND   6000  4625  970   30
3BOOK  13000 16250 1019  -19
3BOOZ   5125  6875 1024  -24
1BOR   24625 30250 1018  -18
3BOTSY  5375  5625 1003   -3
1BOU   10500 15500 1031  -31
3BOZZ   5000  6750 1025  -25
1BP    14375 13125  990   10
1BPC    9375 14000 1032  -32
3BPCH   7000  6750  996    4
3BPER  16000 15500  997    3
3BPHR  23000 36750 1036  -36
2BPI    5250  8625 1038  -38
3BPOP  28000 29000 1002   -2
2BQ.B   6875  6875 1000    0
2BQ.K   7000  7250 1002   -2
1BR    10000  8250  979   21
1BR*   19375 28125 1030  -30
3BRAN   6500  9500 1031  -31
3BRCK  27000 28500 1004   -4
3BRCO   8500 12500 1031  -31
2BRD    9500 19625 1051  -51
3BREN  22000 20125  991    9
3BREU  11000 14000 1020  -20
2BRG    6500 13500 1051  -51
3BRGS  11500     0 1000    0
3BRIK   5500  6500 1014  -14
3BRIS   7750  7500  997    3
1BRK   17250 21750 1020  -20
3BRKNY 12000 14250 1015  -15
3BRKS  14375 16000 1009   -9
3BRLTS 25250 29375 1013  -13
2BRN    9750 11625 1015  -15
3BRND   6125  6500 1005   -5
3BRNK  13000 18750 1030  -30
3BRNO   7750 14750 1046  -46
3BROB  11250 20500 1044  -44
3BROW  27500 26000  994    6
3BRSL   5000  6000 1016  -16
2BRW   13875 13750  999    1
3BRWN   6625  8375 1020  -20
1BRY   22125 26375 1015  -15
2BRZ    5750  8750 1033  -33
1BS    27500 26750  997    3
3BSCF  15000 20250 1025  -25
3BSCO   7000 15250 1053  -53
1BSE   33625 35375 1004   -4
3BSEC  10000 14250 1029  -29
3BSET  24750 36750 1032  -32
1BSG   26375     0 1000    0
1BSH    9500  8875  993    7
3BSIM  22000 30125 1026  -26
2BSM   21500 26625 1018  -18
3BSPR   7500 10500 1028  -28
3BSTDA  7250 10000 1026  -26
3BSTDB  7250 10000 1026  -26
3BSTNB 17500 27000 1034  -34
2BTA    5375  7375 1026  -26
3BTEK   9500 11250 1015  -15
3BTLY  19500 31000 1036  -36
2BTM   27875 34000 1017  -17
3BTMGW  5250  9500 1044  -44
3BTOK  22000 27500 1019  -19
1BU    22750 24000 1004   -4
2BUE   10750 13000 1016  -16
3BUFF   9000 13250 1031  -31
1BUG*   6875  7250 1004   -4
3BULDU 29500 36000 1017  -17
1BUR   30750 32375 1004   -4
3BURMY 11750 10750  991    9
3BURN   6000  9875 1038  -38
3BURS   5000  8875 1043  -43
1BVA   11125 16500 1032  -32
2BVI   26250 46875 1043  -43
2BVN    8875 13625 1034  -34
1BW    21625 23250 1006   -6
3BWIN  11000 22250 1050  -50
3BWITS 15375 18250 1015  -15
3BWITU 17125 21000 1017  -17
1BWN    8250 12875 1035  -35
3BWOD   5000  5000 1000    0
1BWS   26000 31000 1015  -15
1BY    29125 27875  996    4
1BYK   12000 13000 1007   -7
2BYS   13375 21750 1038  -38
2BZOA   5500  7000 1020  -20
1C     27625 37250 1025  -25
1C.WS   9875 15000 1033  -33
2C4A    6750     0 1000    0
2CA     9500 13625 1029  -29
2CAC    9625 16375 1040  -40
3CACCB 30500 70500 1056  -56
3CACO   6000  8750 1030  -30
3CACS   6750  9125 1025  -25
1CAF   12750 16750 1023  -23
1CAFA  17500 22375 1021  -21
3CAFE  11500 16125 1028  -28
1CAG   14000 14750 1004   -4
2CAI    9500  7500  973   27
1CAL    9000 14125 1035  -35
3CALB  14000 17250 1018  -18
3CALNA 10375  6375  937   63
3CALS   5750  7750 1025  -25
2CAM    6875 10750 1035  -35
3CAMC  29125 37000 1020  -20
3CANNY 25875 23000  987   13
3CANT  16000 17000 1005   -5
1CAO    9125 11375 1019  -19
2CAP   12375 14000 1011  -11
3CAPE   6750 12750 1046  -46
1CAR   12875 19625 1033  -33
3CARB   8750 10375 1015  -15
2CAS   18625 19750 1005   -5
3CASC   9000  7000  971   29
3CATA   9250 12000 1022  -22
3CATO   8625 11250 1022  -22
3CAUT  10000 12750 1021  -21
2CAV    8125 11125 1026  -26
1CAX   14500 24500 1040  -40
1CB    26375     0 1000    0
3CBAN  28000 29000 1002   -2
1CBC   13000 22750 1042  -42
3CBCN  23250 26750 1012  -12
1CBE   26500 35500 1024  -24
3CBEL  22750 27250 1016  -16
2CBF    6875  7750 1010  -10
3CBKS  26750 34500 1021  -21
2CBL   18375 20125 1008   -8
3CBMA   8000 15500 1047  -47
3CBOCA  6500  7000 1006   -6
3CBOW  14000 15500 1009   -9
1CBS*  23750 33500 1028  -28
3CBSH  24500 61500 1059  -59
3CBSS  23875 27250 1011  -11
1CBT   26625 33875 1020  -20
3CBTN  27375 28875 1004   -4
2CCA   15250 35625 1056  -56
3CCAS   5000  5500 1008   -8
3CCAT   6500  7750 1015  -15
3CCBM  12000 20500 1040  -40
1CCC   27750 26625  996    4
2CCE   27125 27125 1000    0
1CCF    8000 11500 1029  -29
2CCH    5062  6750 1024  -24
3CCHI  24000 27250 1011  -11
1CCIA   8000 14000 1042  -42
1CCK   20625 24500 1015  -15
3CCLR  25000 30500 1017  -17
3CCMC  15000 26000 1041  -41
1CCNA   8750 10250 1014  -14
1CCNB  12000 12454 1003   -3
1CCNC  20000 22000 1008   -8
3CCOR   5125  6125 1015  -15
1CCP   16750 21625 1022  -22
3CCPT   7750 14000 1044  -44
1CCX    5125  4625  989   11
1CCX*  13750 14125 1002   -2
2CD     6000 12500 1051  -51
3CDAT   8000  8000 1000    0
3CDCC  18000 23750 1023  -23
3CDCK   8375 10875 1022  -22
1CDD    6250  9125 1031  -31
3CDELF 10000 13000 1022  -22
2CDH    97375 1026  -26
3CDISF 18500 32750 1043  -43
2CDO    6875 10000 1030  -30
1CDP   13875 16250 1014  -14
2CDR   10750 13250 1018  -18
1CDU    6500     0 1000    0
2CE    14875 31000 1051  -51
1CEA   22125 26875 1017  -17
3CEDR  13000 19250 1031  -31
2CEE    9000 14500 1037  -37
1CEL   21875 22375 1001   -1
3CELNA 12500 19000 1033  -33
2CEM    8000 11500 1029  -29
3CENB  25750 27125 1004   -4
1CER   21375 24250 1011  -11
2CET    5625  7375 1023  -23
2CETC  20500 24000 1014  -14
1CF    10000 14375 1029  -29
1CFB   10375 11125 1006   -6
3CFDS   5750  6750 1014  -14
1CFG   29125 31000 1005   -5
3CFID  35000 33500  996    4
3CFNB   5500  5875 1005   -5
3CFSC  13250     0 1000    0
3CFSR  17500 17500 1000    0
1CFT   24500 27875 1011  -11
3CFUN   6250  5750  991    9
1CG    29375 32375 1008   -8
1CGE   10750  9750  990   10
2CGF    7375  8625 1013  -13
1CGG   33375 39000 1013  -13
2CGLA   7750     0 1000    0
1CGM   21750 26000 1015  -15
2CGO   13500 18000 1024  -24
1CGP   14500 26875 1045  -45
1CGPA  18750 34500 1045  -45
1CGPB  28000 36375 1022  -22
1CGR   13250 17375 1023  -23
3CGRP   5000 16000 1068  -68
1CH    27000 42375 1035  -35
1CHA   16000 17750 1009   -9
1CHAB  18875 20250 1006   -6
3CHAM   7125  7500 1004   -4
3CHAN  19250 21750 1010  -10
3CHAP  15500 21500 1027  -27
3CHARP 21000 31000 1031  -31
3CHATA 15500 21000 1025  -25
3CHATB 14000 21250 1033  -33
2CHB    5750 10875 1046  -46
3CHBK  10000 11625 1013  -13
1CHC   15625 15625 1000    0
1CHD    7000 10500 1032  -32
3CHEF  14500 20000 1026  -26
3CHFTF  8500 17250 1050  -50
1CHG    6375  6500 1001   -1
1CHG*  12625 13625 1006   -6
1CHI   17750 23750 1024  -24
2CHK    7000  9750 1027  -27
3CHLT   5625  9125 1037  -37
1CHM   12625 14083 1009   -9
2CHO    5937  9125 1034  -34
3CHPK  14500 13750  995    5
2CHR   16875 27250 1037  -37
3CHRS  13500 19500 1030  -30
3CHSE   8500 12000 1028  -28
3CHTH   8500  8750 1002   -2
3CHTT   5625  6625 1014  -14
3CHUR   9000 16625 1045  -45
2CHY    8125  9125 1010  -10
1CI    18125 24250 1024  -24
3CIAM   5875  5500  993    7
1CIC   35000 40625 1013  -13
3CILLS 14750 18625 1020  -20
1CIN   25000 23750  995    5
3CINF  26250 35250 1025  -25
3CINV  10625 12000 1010  -10
1CIP   15875 17625 1009   -9
1CIR   17000 21250 1019  -19
3CIRC   7000  8000 1012  -12
3CIRF   7250 10125 1027  -27
3CIRLS 12500 18500 1031  -31
3CIRLU 13000 20500 1036  -36
3CISY   5000  6500 1022  -22
3CITGS 14875 16750 1010  -10
3CITGU 15250 17750 1013  -13
3CITS  28500 57750 1050  -50
2CIV   12625 12500  999    1
3CJER  16750 15750  994    6
2CJT    6250  7500 1016  -16
2CJV    7250  7000  996    4
1CK    11750 14000 1015  -15
2CKC   10625 15250 1029  -29
1CKE   13000 15476 1015  -15
2CKI   14750 17500 1015  -15
1CKN   25375 29000 1012  -12
1CKO   20000 21125 1004   -4
2CKP   12875 29000 1055  -55
3CKTH   5750  6500 1011  -11
1CL.I  30125     0 1000    0
3CLAU   6250  8000 1021  -21
2CLB   14375 17625 1017  -17
1CLC    6125  8500 1027  -27
3CLCN   5000  8250 1038  -38
2CLD   14500 18000 1018  -18
3CLEA  10500 13250 1020  -20
3CLEV  10250 14750 1030  -30
2CLIA   8000 13625 1040  -40
2CLIB   7375 13250 1043  -43
3CLIF  16500 19000 1012  -12
3CLIIA  6375  7500 1014  -14
3CLIIB  5500  7500 1026  -26
1CLL   28750 39750 1027  -27
2CLM   26125 30750 1014  -14
3CLMN  10875 12000 1008   -8
2CLMW   7500 10500 1028  -28
2CLN   17625 24000 1026  -26
3CLNY   6750  7000 1003   -3
1CLO   13125 23375 1043  -43
3CLOW  13500 17000 1020  -20
2CLQ    5500  8000 1030  -30
3CLRK  22500 28250 1019  -19
3CLRY   6375  5250  979   21
2CLS    9375 14625 1035  -35
3CLSC  10750 14250 1024  -24
2CLT   29375 29375 1000    0
3CLTH   5500 10250 1045  -45
1CLU   12125 14750 1017  -17
1CLUA  13000 14625 1010  -10
2CLW   20625 19875  996    4
1CLX   19250 45250 1056  -56
2CMC   12250 14750 1016  -16
3CMCGA  8750  8000  991    9
3CMED  30750 35500 1012  -12
3CMEM   9750 11125 1011  -11
2CMH    9625  9375  997    3
1CMI    9750 12250 1019  -19
3CMIC   7000 12000 1041  -41
2CMJ    6250  8000 1021  -21
1CML   29500 68250 1056  -56
2CMLW  15000 39125 1061  -61
2CMM   27125 29750 1008   -8
1CMN    9375 10801 1012  -12
3CMORS 25250 26625 1004   -4
3CMORU 30750 33000 1006   -6
3CMORW  5375  6750 1019  -19
3CMRTS 17500 18750 1006   -6
3CMRTU 19625 22000 1010  -10
1CMS   27625 28500 1002   -2
3CMTL  12750 18000 1028  -28
3CMTN   5250  8250 1035  -35
2CMY    6000 10000 1039  -39
1CMZ   30125 36750 1017  -17
1CN    31375 33250 1005   -5
2CNA   13750 22250 1037  -37
3CNAL  15125 18375 1017  -17
3CNALP 24500 24500 1000    0
3CNAS  14625     0 1000    0
3CNAT  19375 21750 1010  -10
3CNBC  16000 16000 1000    0
3CNBK  29500 56000 1046  -46
1CNC   12750 19625 1034  -34
3CNCR   8250 12875 1035  -35
3CNEQ   6000  7875 1023  -23
3CNETP 11000 14750 1024  -24
1CNF   13000 19625 1033  -33
1CNG   27000 30000 1009   -9
1CNH   22875 23750 1003   -3
2CNI    5875  9750 1039  -39
1CNK   13250 17625 1024  -24
2CNP   17000 21250 1019  -19
1CNS   35000 36000 1002   -2
3CNTB  18375 19250 1004   -4
3CNTG  11875 14000 1014  -14
3CNTGN 24250 28250 1013  -13
3CNTGP  7000  6750  996    4
1CNV   10625 14000 1023  -23
1CNVA  22500 31750 1028  -28
1CNVB  25500 28000 1008   -8
3CNWN  13000     0 1000    0
2COA   10250     0 1000    0
3COAS   8000 10000 1019  -19
3COBE  32500 38250 1014  -14
3COBK  31000     0 1000    0
3COBO  22250 32125 1030  -30
1COC   26625 27000 1000    0
3COCA  14000 17000 1017  -17
3CODX  10000 16000 1037  -37
1COE   17625 20500 1013  -13
2COF   12875 16500 1021  -21
3COHR   9000 17000 1046  -46
1COI    6125 12000 1048  -48
2COK   15750 17500 1009   -9
3COKE  14500 28250 1048  -48
3COKEP 30000 53500 1043  -43
3COLC  20000 24750 1018  -18
3COLL  11500 20250 1042  -42
2COM   10375 11000 1005   -5
3COMB  10750 14125 1023  -23
3COMD   7750 14625 1046  -46
3COMM  12750 15625 1017  -17
3COMS   8500 23500 1063  -63
3CONH   6500 10750 1039  -39
3CONW  22000 23500 1005   -5
1COO   15000 25500 1040  -40
3COOK   6625  7250 1008   -8
3COQO  14000 15750 1010  -10
2COR    7500  8500 1011  -11
3CORC  17750 16250  991    9
3CORD  29500 36000 1017  -17
3CORN   5000  5750 1012  -12
1COS   21875 28250 1022  -22
1COT   15500 19625 1020  -20
1COTA  20125 20250 1000    0
3COUS  17250 26500 1034  -34
1COX   22125 30250 1026  -26
1CP    16125 18250 1011  -11
1CP.F  15750 17500 1009   -9
3CPAC  18500 21125 1011  -11
3CPAL   7625  9250 1017  -17
1CPB   29500 32250 1008   -8
3CPCN   8875 11125 1019  -19
3CPCO   5500  8500 1034  -34
3CPER  25500 24000  994    6
3CPET   6750  9000 1024  -24
3CPFN  19500 23375 1016  -16
1CPH   24250 30000 1018  -18
2CPI    6375 12250 1047  -47
1CPL   25375 27000 1005   -5
2CPN    5000  7750 1034  -34
3CPNC  25750     0 1000    0
2CPO   17250 21625 1019  -19
2CPU   20500 23750 1013  -13
3CPUB  16000 17625 1008   -8
1CPX   13000 21250 1038  -38
2CPY    5875  9736 1039  -39
1CR    16000 19750 1018  -18
3CRAW  13000 14500 1009   -9
3CRBN   7250 11750 1037  -37
2CRC   19500 19750 1000    0
1CRD    8250 11000 1024  -24
3CREB  13500 21750 1037  -37
3CREN  27500 28250 1002   -2
1CRF   19500 23750 1017  -17
3CRFD   5250  5750 1008   -8
1CRH   14500 16000 1008   -8
1CRI   18375 21625 1014  -14
3CRIA   6625  7250 1008   -8
3CRIS  14750     0 1000    0
3CRIV  30000 34750 1013  -13
2CRM    5750  6875 1015  -15
3CRMD  17500     0 1000    0
3CRMF  25250 29375 1013  -13
3CRMP  14000 17250 1018  -18
1CRO   13125 16250 1018  -18
3CROS  16750 22500 1025  -25
2CRP   17375 18750 1006   -6
1CRR   19375 23500 1017  -17
3CRRB   9750 13750 1028  -28
3CRRC   6000 10500 1042  -42
1CRS   21625 23375 1006   -6
3CRSD   7000 10625 1033  -33
1CRT   18375 17000  992    8
3CRTRW 18000 27250 1033  -33
3CRUT   6375 10375 1038  -38
3CRWN   5000  9000 1043  -43
2CRX    8375  9500 1011  -11
2CRY    5125  8500 1039  -39
2CRZ   11750 12750 1007   -7
2CSA    5250 14750 1063  -63
3CSCN   5000  9750 1048  -48
2CSEA  13000 15625 1016  -16
2CSG    8250  8000  997    3
3CSGA  24000 24375 1001   -1
3CSHR  25250 29500 1013  -13
1CSI   17250 20000 1013  -13
1CSK   33000 34125 1002   -2
1CSL   17625 22625 1021  -21
3CSLH   7750  9750 1020  -20
1CSN   19750 21250 1006   -6
1CSR   22625 22875 1000    0
3CSRIW  6000  8250 1026  -26
3CSRIZ 14500 16625 1012  -12
1CSS    5500  6250 1011  -11
3CSTA   6000  6750 1010  -10
3CSTL   9250     0 1000    0
3CSWC   5000  6125 1017  -17
1CSY   24625 28750 1013  -13
3CSYS  12875 16625 1022  -22
1CTB   14250 18500 1022  -22
1CTB*  17500 20625 1014  -14
1CTC   22000 22750 1002   -2
3CTELP 29750 31500 1005   -5
3CTEN   7875  8750 1009   -9
3CTEX   5750  6000 1003   -3
1CTL   12125 12500 1002   -2
3CTLC  11750 12250 1003   -3
1CTN   14375 20000 1027  -27
3CTNJ  25000 29250 1014  -14
2CTO    8000 10375 1022  -22
1CTP   18125 18000  999    1
3CTRIS 19375 20125 1003   -3
3CTRIU 20500 22125 1006   -6
1CTS   14125 21167 1032  -32
3CTTNU  6500 11500 1042  -42
1CTU   20750 23750 1012  -12
1CTX   12000 21500 1043  -43
3CTYN  24000 25500 1005   -5
2CUB    6000 11375 1046  -46
2CUE    5125  7625 1032  -32
1CUL   12625 15875 1019  -19
3CULL   8000 12625 1036  -36
1CUM   31000 46500 1032  -32
3CURT  13500 22500 1039  -39
1CUZ   25000 29250 1014  -14
1CV    12000 17625 1031  -31
1CV*   14000 15250 1007   -7
2CVF   16500 19000 1012  -12
2CVI   10250     0 1000    0
3CVIS  11000 17375 1036  -36
2CVR   24125 25750 1005   -5
1CVX   32375 34375 1005   -5
1CW    20375 28000 1026  -26
1CW.A  26000 36125 1027  -27
3CWAT  15250 16000 1004   -4
1CWD   25875 31125 1016  -16
1CWE   32250 33500 1003   -3
1CWE*  27250 27250 1000    0
1CWE.  10625 11000 1002   -2
1CWEA  21625 23500 1007   -7
1CWEC  25375 26250 1002   -2
3CWED   7500  9500 1020  -20
3CWES  17250 19750 1012  -12
1CWEW  10625 11000 1002   -2
3CWGS  12875 11750  990   10
2CWI   11000 16375 1032  -32
2CWK    5875  8250 1028  -28
1CWL    6000  8000 1024  -24
3CWLT  22625 25750 1011  -11
2CWM   13125 15875 1016  -16
1CWO    8500  7875  992    8
1CWO*  19500 21625 1009   -9
3CWST   8125 11625 1029  -29
3CWTP  21750 26500 1017  -17
3CWTR  26625 27875 1003   -3
2CX     5125  6000 1014  -14
2CXC   22000 25000 1011  -11
2CXY    9625 13500 1028  -28
3CYCC   9500 18000 1046  -46
1CYL   20750 23625 1011  -11
1CYM   28500 34250 1016  -16
2CYN    7750  9125 1014  -14
1CZ    31125 31750 1001   -1
2CZM   16375 17375 1005   -5
1CZS   32875 36875 1010  -10
1D     33000 42000 1020  -20
2DAC   15875 24000 1033  -33
3DAIN   6500 13250 1050  -50
2DAN   14500 17125 1014  -14
3DANC  24500 34375 1028  -28
3DANT   8000  7500  993    7
3DAPTD 11250     0 1000    0
3DATA  12000 13625 1011  -11
3DATD   5250 11000 1051  -51
2DAV   13750 11500  980   20
1DAY   15750 17750 1010  -10
3DBCC   5250     0 1000    0
3DBDG  31000 30250  998    2
1DBF   20000 21750 1007   -7
3DBNN   9875  9375  995    5
3DBRO   7000 10500 1032  -32
3DBRSY  8500  8000  994    6
1DC     8125 10500 1022  -22
3DCAL   6250 10000 1037  -37
2DCM   13625 21375 1035  -35
1DCN   33250 36000 1007   -7
3DCNY  33500 45000 1025  -25
3DCOR   5375  4750  987   13
3DCTL  32250 41500 1021  -21
3DDCC   9625 26500 1063  -63
3DDDY   6500  7375 1011  -11
2DDI   18875 20000 1005   -5
2DDSA  16375 23750 1030  -30
3DEAN  15500 15750 1001   -1
1DEL   18875 20375 1006   -6
3DELM  14500 16500 1011  -11
1DEN   10500 18500 1042  -42
3DENIF 29500 30250 1001   -1
3DENVS  7875  8375 1005   -5
2DEP   18625 20375 1008   -8
3DESP   6250  6250 1000    0
2DEV    7500 11375 1033  -33
3DEVC   7250 10000 1026  -26
1DEW   16125 16750 1003   -3
1DEX   16000 19250 1016  -16
2DF     6875  9000 1023  -23
1DFC   19000 15750  979   21
3DFUR   5750  9750 1040  -40
3DGEN  30000126500 1075  -75
1DH    17000 20500 1016  -16
3DHAM  26750 30500 1011  -11
2DHJ    7750 11750 1033  -33
1DHM    6500  9750 1032  -32
1DHM*  23625 27500 1013  -13
1DI*B  34000 41000 1016  -16
1DIA   18625 22500 1016  -16
1DIA*  28500 32250 1011  -11
3DIAC   5000  4500  989   11
3DIACU 12125 11250  992    8
1DIAD  16250 16875 1003   -3
3DIAG  13500 18500 1026  -26
1DIG    9625 11500 1015  -15
1DIG*  16250 18625 1012  -12
3DIKY  14000 16000 1012  -12
3DINB   5000  6250 1019  -19
2DIV   13000 14875 1012  -12
3DIVR  14250 21750 1033  -33
3DIXN  17250 18750 1007   -7
3DIXS   5500     0 1000    0
2DJI    5500 12625 1055  -55
3DLHI   6375  7125 1010  -10
2DLI    8875 11625 1023  -23
1DLJ    6625  9125 1026  -26
1DLL   27500 36000 1023  -23
1DLN    8375 14375 1041  -41
1DLT   11000 17375 1036  -36
3DMAL  21500 26000 1016  -16
3DMBK  19500 22250 1011  -11
2DMD   16750 25000 1032  -32
1DMG   22375 26625 1015  -15
3DMHD  11000 12125 1008   -8
2DMI    8250  9125 1009   -9
1DMK    7500  8625 1012  -12
1DML    7875 11125 1028  -28
1DMN   32500 54625 1040  -40
1DMO   13750 24125 1042  -42
3DMOB   5375  6875 1021  -21
2DMP   26375 45500 1041  -41
3DMRTS 15500 15750 1001   -1
3DMRTU 19750 20750 1004   -4
1DN    26750 30375 1011  -11
2DNIA   5500  7500 1026  -26
3DNLD  23500 30750 1023  -23
3DNLY   8250 10250 1019  -19
3DNNR   9125 10000 1008   -8
3DNTY   6250  6000  996    4
1DNY   19750 23875 1016  -16
1DO    14625 21625 1031  -31
1DOC   22125 28500 1021  -21
3DOES   5000  5000 1000    0
3DOLR   7875 14500 1045  -45
3DOMN   7125  8500 1015  -15
2DON   10625 12500 1014  -14
3DONOA  9250 11500 1019  -19
1DOR    9375 13000 1027  -27
3DORE   5000  9500 1046  -46
3DOUG   8500 10500 1018  -18
3DOWJ  30750 37500 1017  -17
3DOYL  13750 19250 1028  -28
1DPF    5500  7375 1024  -24
2DPH   18250 26500 1030  -30
3DPKG   6000  6000 1000    0
1DPL   22000 23125 1004   -4
3DPLX   7500  8500 1011  -11
3DQEN  11500 16625 1030  -30
1DQU   23250 23375 1000    0
1DQUA  31000 30750  999    1
1DQUB  26500 26500 1000    0
1DQUC  27500 28750 1003   -3
1DQUD  27500 27625 1000    0
1DQUE  28000 28500 1001   -1
1DQUG  28500 28750 1000    0
1DR    13625 15250 1010  -10
2DRH    7750  8000 1002   -2
3DRUGA 14250 24875 1042  -42
1DRV   26000 27625 1005   -5
1DRY    8875 13875 1035  -35
3DSCP   9500 17500 1045  -45
3DSHMP 18250 18750 1002   -2
2DSL    9750 12625 1022  -22
3DSLT  10750 12875 1016  -16
1DSN   23000 31500 1026  -26
1DSN*  20500 25500 1019  -19
1DSO    9625 12750 1024  -24
1DSP   16750 26500 1036  -36
1DST   12625 15375 1017  -17
1DSY    6750  9625 1029  -29
2DTC   17750 19750 1009   -9
1DTE   20125 20125 1000    0
1DTL    6750  9125 1025  -25
2DTN   10125 14375 1029  -29
3DTRL   6000     0 1000    0
3DTRX   7000  6625  994    6
3DTUN  15750 16000 1001   -1
2DTZ   20000 44000 1054  -54
3DUCK  10750 15000 1027  -27
3DUCM  12500 14750 1014  -14
3DUFM  12125 16500 1026  -26
1DUK   21250 22375 1004   -4
3DUNCB 29000 26500  991    9
1DUP    5875 12000 1050  -50
2DUR    8750 13750 1035  -35
3DURI  13625 14750 1007   -7
2DUS   20750 22250 1006   -6
3DVRMS 10500  9000  983   17
3DVRMU 11000  9500  984   16
1DW     7750 15250 1048  -48
3DWWS  22000 38500 1042  -42
1DXC    5750  8250 1029  -29
1DXCI   5750     0 1000    0
2DXL    5500  7625 1027  -27
!@,