TITLE LOCKHEED TEST PROGRAM
NODAL LOCATIONS
1 2.9 0 0
2 2.9 0 1.86
3 2.51 1.45 0
4 2.51 1.45 1.86
5 1.45 2.51 0
6 1.45 2.51 1.86
7 0  2.9 0
8 0 2.9 1.86
9 -1.45 2.51 0
10 -1.45 2.51 1.86
11 -2.51 1.45 0
12 -2.51 1.45 1.86
13 -2.9 0 0
14 -2.9 0 1.86
15 -2.51 -1.45 0
16 -2.51 -1.45 1.86
17 -1.45 -2.51 0
18 -1.45 -2.51 1.86
19 0 -2.9 0
20 0 -2.9 1.86
21 1.45 -2.51 0
22 1.45 -2.51 1.86
23 2.51 -1.45 0
24 2.51 -1.45 1.86
25 2.1 .87 0
26 2.1 .87 1.86
27 .87 2.1 0
28 .87 2.1 1.86
29 -.87 2.1 0
30 -.87 2.1 1.86
31 -2.1 .87 0
32 -2.1 .87 1.86
33 -2.1 -.87 0
34 -2.1 -.87 1.86
35 -.87 -2.1 0
36 -.87 -2.1 1.86
37 .87 -2.1 0
38 .87 -2.1 1.86
39 2.1 -.87 0
40 2.1 -.87 1.86
41 1.72 .71 0
42 1.72 .71 1.86
43 .71 1.72 0
44 .71 1.72 1.86
45 -.71 1.72 0
46 -.71 1.72 1.86
47 -1.72 .71 0
48 -1.72 .71 1.86
49 -1.72 -.71 0
50 -1.72 -.71 1.86
51 -.71 -1.72 0
52 -.72 -1.72 1.86
53 .71 -1.72 0
54 .71 -1.72 1.86
55 1.72 -.71 0
56 1.72 -.71 1.86
