 
DATE:      5/31/73
REGION:   NORTHEAST 
DISTRICT: BUFFALO   
                               MTD         MTD          MTD       MTD
              DAILY            TRU         TTY      AVER. STOR.  TOTAL
          TRU   TTY   $   UNITS    $    HRS.   $    BLKS.   $      $
         --------------- ------------- ----------- ------------ ------


SALESMAN: BUFF. OFF.

 C31:     1607   8   245   18328  1834   147  1489  14622  4677   7994
 C32:     7866  33  1124  160176 16019   606  6086  24305  7777  29871
PDP10:    9473  41  1369  178504 17853   753  7575  38927 12454  37865
AVR/DAY:   315   1    45    5950   595    25   252   1297   415   1262

SALESMAN: CLAIR     

 C31:      285   4    68   26616  2662   160  1608   9229  2951   7223
 C32:       16   0     4    7140   714    45   448   1003   321   1482
PDP10:     301   4    72   33756  3376   205  2056  10232  3272   8705
AVR/DAY:    10   0     2    1125   112     6    68    341   109    290

SALESMAN: LEE       

 C31:     1223   9   217   19642  1963   182  1815   2371   758   4539
 C32:      908   9   179   24236  2424   171  1713   9266  2965   7102
PDP10:    2131  18   396   43878  4387   353  3528  11637  3723  11641
AVR/DAY:    71   0    13    1462   146    11   117    387   124    388


                          DISTRICT TOTALS
                          ---------------

 C31:     3115  21   530   64586  6459   489  4912  26222  8386  19756
 C32:     8790  42  1307  191552 19157   822  8247  34574 11063  38455
PDP10:   11905  63  1837  256138 25616  1311 13159  60796 19449  58211
AVR/DAY:   396   2    61    8537   853    43   438   2026   648   1940
 
DATE:      5/31/73
REGION:   NORTHEAST 
DISTRICT: BUFFALO   
SALESMAN: BUFF. OFF.
                                                         MTD      MTD
            TRK.       DAILY              MTD        AVER. STOR. TOTAL
  CUSTOMER  CODE  TRU   TTY   $     TRU   TTY    $   BLKS.   $     $
 ---------- ---- ---------------- ------------------ ----------- -----

C31:
 ALCAN ALUM   1      0    0     0    167     2    36   445   142   178
 ALLIED CHE   1      0    0     0    218     2    39   329   105   144
 BRISTOL LA   1      0    0     0      0     0     0    15     5     5
 BRISTOL LA   2      0    0     0     94     1    18    20     6    25
 BRISTOL LA   4      0    0     0     75     0    13    23     7    19
 BRISTOL LA   6     24    0     4    721     6   135   138    44   179
 CAROL SAND   1     52    1    10    307     3    62   320   102   164
 CARRIER CO   1      0    0     0    588     3    94   115    37   130
 MARINE MID  11      0    0     0      0     0     0   147    46    46
 NIAGARA MO   1    612    4   105   2847    33   600  3547  1135  1733
 NIAGARA MO   2      0    0     0      0     0     0   535   171   171
 NIAGARA MO   5      0    0     0    189     1    32   447   143   174
 NIAGARA MO  10    749    2    97   4457    35   804  6338  2027  2831
 PRICE WATE   1      0    0     0     16     0     4   295    95    98
 SYRACUSE D   1      0    0     0   3792    30   675  1764   565  1240
 SYRACUSE D   2    170    1    29   4857    31   811   144    47   857
**SUBTOTAL**      1607    8   245  18328   147  3323 14622  4677  7994
C32:
 AVERAGES-M   1   2032    5   257  25576    62  3174  3984  1275  4448
 AVERAGES-M   2    226    0    26   3093     4   349  1657   530   879
 AVERAGES-M   3      0    0     0     10     0     2     0     0     2
 AVERAGES-M   4   1447    4   181  13351    31  1641  3278  1049  2690
 AVERAGES-M   5    440    1    50   4088     5   460  1507   482   942
 AVERAGES-M   6      0    0     0    254     0    30   178    57    87
 CARRIER CO   2      0    0     0     22     0     5    30    10    15
 CARRIER CO   3      0    0     0     40     0     7    75    24    31
 CARRIER CO   4      0    0     0     11     0     2   290    93    94
 CARRIER CO   6      0    0     0     40     0     8   100    32    40
 CARRIER CO  33      0    0     0    100     2    27    55    18    45
 MARINE MID   1   1977   13   321  24325   113  3571  2095   671  4239
 MARINE MID   9    492    3    81  19784    97  2953  1962   628  3580
 MARINE MID  11      0    0     0  20519    49  2538  1418   454  2991
 MARINE MID  13      5    0     2   2899    21   503   412   132   634
 MARINE MID  14    228    1    35   2334    11   343   101    32   375
 MARINE MID  18      0    0     0   2063    12   327   202    65   392
 MARINE MID  24      0    0     0    359     3    64   115    37   101
 MARINE MID  26      0    0     0    752     3   101   169    54   155
 MARINE MID  32      0    0     0   1017    18   281   237    76   356
 MARINE MID  42      0    0     0   8189    16   977   713   227  1204
 MARINE MID  43      0    0     0   5436     7   617   683   217   833
 MARINE MID  44     16    0     4   2558    18   445  1236   396   839
 MARINE MID  47     49    1    16   1787    18   360   412   132   492
 MARINE MID  50      0    0     0    258     3    55   235    75   130
 MARINE MID  51    428    3    71   5145    42   939   628   201  1139
 MARINE MID  57    175    1    29   4102     6   471  2068   661  1134
 MARINE MID  58    200    1    33   3548    23   581   144    46   627
 NEW PROCES   1      0    0     0     36     0     7    30    10    16
 ONEIDA LIM   1    151    0    18   8480    42  1267   291    93  1361
**SUBTOTAL**      7866   33  1124 160176   606 22105 24305  7777 29871

**PDP10 TOT**     9473   41  1369 178504   753 25428 38927 12454 37865
**AVER./DAY**      315    1    45   5950    25   847  1297   415  1262 
DATE:      5/31/73
REGION:   NORTHEAST 
DISTRICT: BUFFALO   
SALESMAN: CLAIR     
                                                         MTD      MTD
            TRK.       DAILY              MTD        AVER. STOR. TOTAL
  CUSTOMER  CODE  TRU   TTY   $     TRU   TTY    $   BLKS.   $     $
 ---------- ---- ---------------- ------------------ ----------- -----

C31:
 ERNST AND    1      0    0     0    540     3    89   185    59   148
 GOODYEAR T   1     75    0    11   2805    18   467  3044   974  1440
 GREAT LAKE   1      0    0     0      0     0     0    15     5     5
 HOUDAILLE    1      0    0     0    101     1    18    79    25    44
 IROQUOIS G   1      0    0     0     33     0     7    88    28    36
 J. D. ELLI   1      0    0     0   8777    20  1074   422   135  1209
 N. L. INDU   1    106    2    32   1110    14   254   201    64   319
 N. L. INDU   2     17    0     5   1109    14   252    74    24   275
 POWER AUTH   1     31    1     9   1388    16   295  2073   663   958
 POWER AUTH   6      0    0     0   1624    10   263   513   164   428
 THE BABCOC   1     56    1    11   3571    22   575  1282   410   985
 THE BABCOC   3      0    0     0   4545    40   851  1133   362  1213
 WESTINGHOU   1      0    0     0   1013     2   125   120    38   163
**SUBTOTAL**       285    4    68  26616   160  4270  9229  2951  7223
C32:
 POWER AUTH   1      0    0     0     75     1    17    96    31    48
 PRINTING I   1      0    0     0   3706    27   637   378   121   757
 PRINTING I   2      0    0     0   2250    11   335   347   111   446
 RUPLEY BAH   1     16    0     4   1109     6   173   162    52   225
 SYSTEMS RE   1      0    0     0      0     0     0    20     6     6
**SUBTOTAL**        16    0     4   7140    45  1162  1003   321  1482

**PDP10 TOT**      301    4    72  33756   205  5432 10232  3272  8705
**AVER./DAY**       10    0     2   1125     6   181   341   109   290 
DATE:      5/31/73
REGION:   NORTHEAST 
DISTRICT: BUFFALO   
SALESMAN: LEE       
                                                         MTD      MTD
            TRK.       DAILY              MTD        AVER. STOR. TOTAL
  CUSTOMER  CODE  TRU   TTY   $     TRU   TTY    $   BLKS.   $     $
 ---------- ---- ---------------- ------------------ ----------- -----

C31:
 GANNETT      1      0    0     0     81     1    21    17     6    27
 ITEK BUSIN   1      9    0     3     44     1    19   183    59    78
 PROGRAMMED   1      0    0     0    751    11   184    13     4   188
 ROCHESTER    1      0    0     0    744    10   178    61    19   198
 ROCHESTER    2      0    0     0      0     0     0   181    58    58
 ROCHESTER    3    877    7   154   4565    34   795   475   152   946
 ROCHESTER    5     76    1    20   3486    21   557   435   139   696
 ROCHESTER   40      0    0     0    155     3    42   279    89   132
 ROCHESTER   41      0    0     0      0     0     0   110    35    35
 ROCHESTER   42      0    0     0   1870    17   355   284    91   446
 SYBRON-CAS   1      0    0     0      0     0     0    40    13    13
 TROPEL, IN   1      0    0     0   5174    51  1025   145    46  1072
 TROPEL, IN   2      0    0     0      0     0     0    20     6     6
 XEROX CORP   1    261    1    40   2772    33   602   128    41   644
**SUBTOTAL**      1223    9   217  19642   182  3778  2371   758  4539
C32:
 GANNETT      1    908    9   179  24236   171  4137  9266  2965  7102
**SUBTOTAL**       908    9   179  24236   171  4137  9266  2965  7102

**PDP10 TOT**     2131   18   396  43878   353  7915 11637  3723 11641
**AVER./DAY**       71    0    13   1462    11   263   387   124   388