   1,C1-0B   ,  25,   5,  17,   3,   6,   2,   5,   3,  27,   3,*8 
   2,C2-3B   ,   7,   3,1070,   2,  11,   3,  42,   3,  43,   3,1054,   2,  26,   3,*8 
   3,N4-0B   ,  13,   5,1053,   2,  10,   3,1037,   3,  62,   3,*8 
   4,P14B    ,  21,   4,1062,   3,1061,   3,* 
   5,C19-15B ,   1,   3,1045,   2,1055,   3,  13,   3,  14,   2,1065,   3,1051,   3,  42,   2,*8 
   6,C9-8B   ,  24,   3,1020,   2,   1,   2,1006,   3,   7,   3,  17,   3,1002,   2,  11,   2,*8 
   7,C0-7B   ,   6,   3,1017,   3,  14,   3,   2,   3,*8 
  10,N24-0B  ,  21,   3,1032,   3,1035,   3,   3,   3,  51,   2,*8 
  11,C12-13B ,   6,   2,1021,   3,   2,   3,  42,   2,  53,   2,  13,   3,  41,   3,  27,   2,*8 
  13,C0-16B  ,   3,   5,  14,   3,  17,   3,   5,   3,  11,   3,*8 
  14,C18-5B  ,  21,   3,   7,   3,  13,   3,   5,   2,1024,   3,1010,   3,  17,   3,*8 
  17,C11-10B ,1027,   3,  13,   3,   1,   3,   6,   3,  14,   3,1002,   5,  61,   3,*8 
  21,N6-0B   ,  14,   3,   4,   4,1056,   3,  10,   3,*8 
  22,H20B    ,1031,   3,  61,   3,1050,   3,  24,   3,* 
  23,H21B    ,  24,   5,1044,   2,1031,   2,1030,   2,* 
  24,H22B    ,  23,   5,  30,   3,   6,   3,  22,   3,* 
  25,I0-0B   ,   1,   5,1012,   3,  26,   3,1013,   3,  32,   2,  37,   2,1057,   2,1071,   1,*8 
  26,B0-0B   ,   2,   3,  25,   3,1042,   3,1014,   3,1015,   3,  52,   2,  31,   2,*8 
  27,C17-0B  ,  43,   3,  11,   2,   1,   3,  41,   3,  62,   3,*8 
  30,H23B    ,1012,   3,1031,   2,  24,   3,* 
  31,A58B    ,  26,   2,* 
  32,I57B    ,  25,   2,* 
  33,W50B    ,  61,   2,* 
  34,S51B    ,1026,   2,* 
  35,M52B    ,  62,   2,* 
  36,W53B    ,  61,   1,* 
  37,O54B    ,  25,   2,* 
  40,M56B    ,  62,   2,* 
  41,C31B    ,1034,   3,  42,   3,  27,   3,  11,   3,* 
  42,C32B    ,   2,   3,  41,   3,   5,   2,  11,   2,* 
  43,C33B    ,1000,   3,  27,   3,   2,   3,* 
  51,W59B    ,  10,   2,* 
  52,O60B    ,  26,   2,* 
  53,S61B    ,  11,   2,* 
  61,W0-0B   ,  17,   3,  22,   3,1043,   2,1003,   3,1022,   3,  33,   2,  36,   1,*8 
  62,M0-0B   ,  27,   3,   3,   3,1040,   3,  40,   2,  35,   2,1041,   3,*8 
1000,CUP5    ,  43,   3,1021,   3,* 
1001,PS1     ,1070,   1,* 
1002,NCO1    ,   6,   2,  17,   5,* 
1003,WAS1    ,  61,   3,* 
1005,MDS1    ,1042,   3,1013,   3,* 
1006,ING1    ,   6,   3,1007,   1,1026,   3,* 
1007,VEN1    ,1006,   1,* 
1010,OAK1    ,  14,   3,1045,   2,1052,   2,* 
1011,CHI2    ,1012,   1,* 
1012,CHI1    ,  25,   3,  30,   3,1011,   1,* 
1013,DET1    ,  25,   3,1005,   3,* 
1014,BUF1    ,  26,   3,1040,   3,* 
1015,SYR1    ,  26,   3,1016,   3,* 
1016,ROC1    ,1015,   3,1057,   3,* 
1017,PA1     ,   7,   3,1045,   2,1060,   2,* 
1020,LOC1    ,   6,   2,* 
1021,CUP3    ,1000,   3,  11,   3,* 
1022,WAS2    ,  61,   3,1056,   3,* 
1023,SEA1    ,1051,   2,* 
1024,OC2     ,  14,   3,1025,   3,* 
1025,SD1     ,1024,   3,1055,   2,* 
1026,LA3     ,1027,   2,1006,   3,  34,   2,* 
1027,LA2     ,  17,   3,1026,   2,1055,   2,* 
1030,DAL1    ,  23,   2,1064,   2,* 
1031,HOU1    ,  22,   3,  23,   2,  30,   2,* 
1032,PHI1    ,  10,   3,1063,   2,1041,   2,* 
1033,DAR1    ,1037,   2,* 
1034,MAN3    ,  41,   3,1035,   2,1037,   2,* 
1035,NJ4     ,  10,   3,1034,   2,* 
1037,MAN2    ,1033,   2,1034,   2,   3,   3,* 
1040,BOS1    ,  62,   3,1014,   3,* 
1041,HAR1    ,  62,   3,1032,   2,* 
1042,BUF2    ,  26,   3,1005,   3,* 
1043,SL1     ,1065,   3,  61,   2,* 
1044,HOU2    ,  23,   2,* 
1045,SF1     ,1010,   2,1017,   2,   5,   2,* 
1046,BAT1    ,1050,   2,1064,   2,* 
1047,TAM1    ,1050,   2,* 
1050,NO1     ,  22,   3,1046,   2,1047,   2,* 
1051,POR1    ,   5,   3,1023,   2,* 
1052,SAC1    ,1010,   2,* 
1053,GPI1    ,   3,   2,* 
1054,CUP2    ,   2,   2,* 
1055,COL1    ,   5,   3,1025,   2,1027,   2,* 
1056,BAL1    ,  21,   3,1022,   3,* 
1057,CP1     ,  25,   2,1016,   3,1063,   2,* 
1060,AME1    ,1017,   2,* 
1061,PAR1    ,   4,   3,1062,   3,* 
1062,PAR2    ,   4,   3,1061,   3,1067,   1,* 
1063,PIT1    ,1057,   2,1032,   2,* 
1064,ATL1    ,1046,   2,1030,   2,* 
1065,DEN1    ,   5,   3,1043,   3,* 
1067,PAR3    ,1062,   1,* 
1070,LAB1    ,   2,   2,1001,   1,* 
1071,MSP1    ,  25,   1,* 
