 3.50E-08   1.522E-01 -2.094E-04 
 3.70E-08   1.522E-01 -2.094E-04 
 3.90E-08   1.522E-01 -2.094E-04 
 4.10E-08   2.274E-01  2.479E-02 
 4.30E-08   3.779E-01  7.479E-02 
 4.50E-08   5.284E-01  1.248E-01 
 4.70E-08   6.788E-01  1.748E-01 
 4.90E-08   8.293E-01  2.248E-01 
 5.10E-08   9.798E-01  2.748E-01 
 5.30E-08   1.130E+00  3.248E-01 
 5.50E-08   1.281E+00  3.748E-01 
 5.70E-08   1.431E+00  4.248E-01 
 5.90E-08   1.582E+00  4.748E-01 
 6.10E-08   1.657E+00  4.998E-01 
 6.30E-08   1.657E+00  4.998E-01 
 6.50E-08   1.657E+00  4.998E-01 
 6.70E-08   1.657E+00  4.998E-01 
 6.90E-08   1.657E+00  4.998E-01 
 7.10E-08   1.657E+00  4.998E-01 
 7.30E-08   1.657E+00  4.998E-01 
 7.50E-08   1.657E+00  4.998E-01 
