

EXEC PARF
FTF:  PARF.FTF
 MAIN.
 FIELD
 PTIME
LOADING
EXECUTION

----

14-AUG-72 25:56


FEED AMPLITUDES: 0 0 1
DIFFERENTIAL PHASES: 2 2 2 4 6 6 6

3 DB BEAMWIDTH IS  0.5029
PEAK IS  15.4959 DB AT BEARING  0.0580
SIDELOBES ARE 20.259 AND 18.117 DB DOWN

FAR FIELD:

 ANGLE   DBL     DBR

 0.000  15.343  15.343
 0.125  13.933  15.294
 0.250  10.767  13.795
 0.375   4.852  10.599
 0.500  -9.814   4.908
 0.625  -5.512  -6.809
 0.750  -2.677 -11.223
 0.875  -6.234  -8.123
 1.000 -14.398 -14.526
 1.125  -9.622  -8.738
 1.250  -9.185  -4.925
 1.375 -17.092  -5.932
 1.500 -15.509 -13.027
 1.625  -8.607 -18.100
 1.750  -8.441  -9.202
 1.875 -14.102  -8.850
 2.000 -23.847 -14.479
 2.125 -11.619 -24.833
 2.250 -10.354 -12.368
 2.375 -14.772 -11.062
 2.500 -30.329 -14.976
 2.625 -14.032 -32.463
 2.750 -11.726 -18.537
 2.875 -14.211 -16.777
 3.000 -22.459 -21.793
 3.125 -21.872 -21.742
 3.250 -20.852 -16.748
 3.375 -38.261 -17.823
 3.500 -17.112 -30.318
 3.625 -12.045 -20.659
 3.750 -11.594 -15.844
 3.875 -15.710 -17.897
 4.000 -35.962 -36.677
 4.125 -15.583 -14.974
 4.250 -12.169 -10.111
 4.375 -13.190  -9.148
 4.500 -19.153 -11.116
 4.625 -34.191 -16.972
 4.750 -19.796 -37.963
 4.875 -19.123 -23.739
 5.000 -24.410 -24.782


 89.1 ELAPSED SECONDS.




EXIT

-ST


----

14-AUG-72 25:58


FEED AMPLITUDES: 0 0 1
DIFFERENTIAL PHASES: 4 6 8 12 16 18 20

3 DB BEAMWIDTH IS  0.5028
PEAK IS  15.4679 DB AT BEARING  0.1825
SIDELOBES ARE 20.570 AND 17.931 DB DOWN

FAR FIELD:

 ANGLE   DBL     DBR

 0.125  15.318  15.318
 0.250  13.912  15.262
 0.375  10.743  13.758
 0.500   4.794  10.564
 0.625 -10.219   4.896
 0.750  -5.248  -6.662
 0.875  -2.528 -11.618
 1.000  -6.145  -8.309
 1.125 -14.209 -14.682
 1.250  -9.303  -9.146
 1.375  -8.937  -5.273
 1.500 -17.044  -6.244
 1.625 -14.917 -13.218
 1.750  -8.158 -18.896
 1.875  -8.032  -9.746
 2.000 -13.791  -9.352
 2.125 -22.767 -14.893
 2.250 -10.958 -26.090
 2.375  -9.730 -13.150
 2.500 -14.208 -11.820
 2.625 -28.795 -15.711
 2.750 -13.081 -32.881
 2.875 -10.781 -19.698
 3.000 -13.239 -17.932
 3.125 -21.463 -22.991
 3.250 -20.431 -23.430
 3.375 -19.375 -18.594
 3.500 -36.511 -19.943
 3.625 -14.755 -32.519
 3.750  -9.196 -24.712
 3.875  -7.726 -22.356
 4.000  -9.278 -38.990
 4.125 -14.925 -15.719
 4.250 -36.593  -9.439
 4.375 -17.760  -6.965
 4.500 -16.415  -6.992
 4.625 -21.484  -9.490
 4.750 -34.868 -15.624
 4.875 -20.889 -36.131
 5.000 -20.064 -23.130
 5.125 -25.269 -24.146


 99.4 ELAPSED SECONDS.




EXIT

-ST


----

14-AUG-72 25:59


FEED AMPLITUDES: 0 0.244 0.847
DIFFERENTIAL PHASES: 6 10 14 20 26 30 34

3 DB BEAMWIDTH IS  0.5033
PEAK IS  15.5015 DB AT BEARING  0.3153
SIDELOBES ARE 19.775 AND 18.313 DB DOWN

FAR FIELD:

 ANGLE   DBL     DBR

 0.375  15.341  15.341
 0.500  15.309  13.929
 0.625  13.814  10.836
 0.750  10.550   5.294
 0.875   4.477  -6.006
 1.000 -10.995 -11.396
 1.125  -5.422  -7.754
 1.250  -2.901 -13.967
 1.375  -6.667  -8.563
 1.500 -14.707  -4.497
 1.625  -9.772  -5.288
 1.750  -9.566 -11.992
 1.875 -17.972 -18.123
 2.000 -15.394  -8.529
 2.125  -8.867  -7.901
 2.250  -8.880 -13.148
 2.375 -14.843 -25.004
 2.500 -23.191 -11.283
 2.625 -11.884  -9.640
 2.750 -10.815 -13.181
 2.875 -15.488 -29.615
 3.000 -29.281 -16.779
 3.125 -14.279 -14.484
 3.250 -12.164 -18.947
 3.375 -14.805 -19.081
 3.500 -23.245 -13.371
 3.625 -22.069 -13.584
 3.750 -21.347 -24.199
 3.875 -38.398 -14.775
 4.000 -17.009  -7.527
 4.125 -11.991  -5.028
 4.250 -11.327  -5.094
 4.375 -14.599  -7.409
 4.500 -27.244 -12.457
 4.625 -18.420 -22.495
 4.750 -14.134 -29.022
 4.875 -14.945 -27.766
 5.000 -21.019 -44.261
 5.125 -33.900 -30.425
 5.250 -20.959 -29.984
 5.375 -20.489 -32.623


 94.5 ELAPSED SECONDS.




EXIT

-ST


----

14-AUG-72 26:01


FEED AMPLITUDES: 0 0.244 0.847
DIFFERENTIAL PHASES: 8 14 20 28 36 42 48

3 DB BEAMWIDTH IS  0.5032
PEAK IS  15.5108 DB AT BEARING  0.4399
SIDELOBES ARE 20.052 AND 18.137 DB DOWN

FAR FIELD:

 ANGLE   DBL     DBR

 0.500  15.348  15.348
 0.625  15.320  13.933
 0.750  13.828  10.844
 0.875  10.558   5.327
 1.000   4.448  -5.824
 1.125 -11.422 -11.760
 1.250  -5.138  -7.888
 1.375  -2.727 -14.050
 1.500  -6.555  -8.911
 1.625 -14.474  -4.778
 1.750  -9.434  -5.527
 1.875  -9.299 -12.110
 2.000 -17.921 -18.865
 2.125 -14.796  -8.978
 2.250  -8.403  -8.298
 2.375  -8.456 -13.449
 2.500 -14.524 -26.239
 2.625 -22.163 -11.919
 2.750 -11.214 -10.230
 2.875 -10.182 -13.722
 3.000 -14.920 -29.740
 3.125 -27.812 -17.678
 3.250 -13.328 -15.318
 3.375 -11.219 -19.746
 3.500 -13.838 -20.270
 3.625 -22.251 -14.565
 3.750 -20.650 -14.811
 3.875 -19.904 -25.148
 4.000 -36.147 -16.684
 4.125 -14.739  -9.588
 4.250  -9.287  -7.473
 4.375  -7.759  -8.209
 4.500  -9.071 -11.840
 4.625 -13.866 -20.374
 4.750 -27.928 -24.988
 4.875 -20.660 -20.476
 5.000 -18.479 -23.454
 5.125 -23.500 -40.739
 5.250 -34.811 -28.729
 5.375 -22.105 -28.567
 5.500 -21.461 -31.817


 89.1 ELAPSED SECONDS.




EXIT

-ST


----

14-AUG-72 26:02


FEED AMPLITUDES: 0 0.400 0.725
DIFFERENTIAL PHASES: 10 18 26 36 46 54 62

3 DB BEAMWIDTH IS  0.5034
PEAK IS  15.4729 DB AT BEARING  0.5702
SIDELOBES ARE 17.934 AND 18.364 DB DOWN

FAR FIELD:

 ANGLE   DBL     DBR

 0.625  15.338  15.338
 0.750  15.250  13.986
 0.875  13.696  10.967
 1.000  10.356   5.541
 1.125   4.145  -5.396
 1.250 -12.217 -11.813
 1.375  -5.257  -7.629
 1.500  -3.017 -13.657
 1.625  -6.972  -8.713
 1.750 -14.824  -4.432
 1.875  -9.757  -5.055
 2.000  -9.762 -11.432
 2.125 -18.678 -18.734
 2.250 -15.076  -8.439
 2.375  -8.886  -7.601
 2.500  -9.057 -12.547
 2.625 -15.315 -26.219
 2.750 -22.356 -11.103
 2.875 -11.833  -9.225
 3.000 -10.936 -12.517
 3.125 -15.850 -27.939
 3.250 -27.994 -16.474
 3.375 -14.126 -13.832
 3.500 -12.171 -17.979
 3.625 -14.939 -18.610
 3.750 -23.523 -12.574
 3.875 -21.747 -12.446
 4.000 -21.280 -22.027
 4.125 -36.929 -13.855
 4.250 -16.226  -6.036
 4.375 -11.147  -3.060
 4.500 -10.119  -2.514
 4.625 -12.356  -3.895
 4.750 -19.729  -7.234
 4.875 -23.723 -13.028
 5.000 -16.874 -22.769
 5.125 -16.989 -37.259
 5.250 -22.965 -49.018
 5.375 -33.837 -34.930
 5.500 -21.993 -32.947
 5.625 -21.657 -35.467


 99.4 ELAPSED SECONDS.




EXIT

-ST


----

14-AUG-72 26:04


FEED AMPLITUDES: 0 0.400 0.725
DIFFERENTIAL PHASES: 12 22 32 44 56 66 76

3 DB BEAMWIDTH IS  0.5034
PEAK IS  15.4930 DB AT BEARING  0.6949
SIDELOBES ARE 19.892 AND 18.192 DB DOWN

FAR FIELD:

 ANGLE   DBL     DBR

 0.750  15.356  15.356
 0.875  15.272  14.002
 1.000  13.719  10.988
 1.125  10.371   5.587
 1.250   4.122  -5.210
 1.375 -12.702 -12.183
 1.500  -4.974  -7.749
 1.625  -2.839 -13.710
 1.750  -6.857  -9.045
 1.875 -14.566  -4.694
 2.000  -9.419  -5.272
 2.125  -9.495 -11.533
 2.250 -18.646 -19.491
 2.375 -14.490  -8.862
 2.500  -8.424  -7.967
 2.625  -8.635 -12.819
 2.750 -15.006 -27.570
 2.875 -21.385 -11.700
 3.000 -11.173  -9.768
 3.125 -10.313 -13.007
 3.250 -15.298 -27.996
 3.375 -26.614 -17.312
 3.500 -13.198 -14.588
 3.625 -11.251 -18.685
 3.750 -14.004 -19.690
 3.875 -22.561 -13.638
 4.000 -20.386 -13.512
 4.125 -19.914 -22.819
 4.250 -34.497 -15.506
 4.375 -14.111  -7.727
 4.500  -8.686  -4.960
 4.625  -6.999  -4.751
 4.750  -7.922  -6.672
 4.875 -11.674 -10.971
 5.000 -20.465 -18.825
 5.125 -26.027 -30.157
 5.250 -21.318 -29.719
 5.375 -25.816 -43.253
 5.500 -35.068 -32.105
 5.625 -23.277 -30.857
 5.750 -22.722 -34.191


101.5 ELAPSED SECONDS.




EXIT

-ST


----

14-AUG-72 26:06


FEED AMPLITUDES: 0 0.400 0.725
DIFFERENTIAL PHASES: 14 26 38 52 66 78 90

3 DB BEAMWIDTH IS  0.5034
PEAK IS  15.4870 DB AT BEARING  0.8196
SIDELOBES ARE 20.162 AND 18.023 DB DOWN

FAR FIELD:

 ANGLE   DBL     DBR

 0.875  15.349  15.349
 1.000  15.268  13.993
 1.125  13.716  10.983
 1.250  10.360   5.606
 1.375   4.070  -5.056
 1.500 -13.254 -12.594
 1.625  -4.723  -7.899
 1.750  -2.690 -13.787
 1.875  -6.772  -9.407
 2.000 -14.328  -4.986
 2.125  -9.112  -5.521
 2.250  -9.262 -11.669
 2.375 -18.658 -20.305
 2.500 -13.944  -9.322
 2.625  -8.000  -8.370
 2.750  -8.254 -13.131
 2.875 -14.744 -29.065
 3.000 -20.480 -12.344
 3.125 -10.562 -10.359
 3.250  -9.743 -13.549
 3.375 -14.807 -28.116
 3.500 -25.332 -18.216
 3.625 -12.344 -15.415
 3.750 -10.414 -19.470
 3.875 -13.165 -20.860
 4.000 -21.705 -14.810
 4.125 -19.163 -14.705
 4.250 -18.720 -23.788
 4.375 -32.239 -17.364
 4.500 -12.297  -9.683
 4.625  -6.659  -7.232
 4.750  -4.580  -7.556
 4.875  -4.831 -10.436
 5.000  -7.265 -16.800
 5.125 -12.437 -26.258
 5.250 -22.800 -22.709
 5.375 -30.520 -24.655
 5.500 -30.285 -39.483
 5.625 -37.142 -30.228
 5.750 -25.046 -29.322
 5.875 -24.116 -33.272


107.8 ELAPSED SECONDS.




EXIT

-ST


----

14-AUG-72 26:08


FEED AMPLITUDES: 0 0.570 0.570
DIFFERENTIAL PHASES: 16 30 44 60 76 90 104

3 DB BEAMWIDTH IS  0.5035
PEAK IS  15.4758 DB AT BEARING  0.9510
SIDELOBES ARE 17.774 AND 18.338 DB DOWN

FAR FIELD:

 ANGLE   DBL     DBR

 1.000  15.368  15.368
 1.125  15.215  14.086
 1.250  13.588  11.157
 1.375  10.148   5.882
 1.500   3.740  -4.570
 1.625 -14.204 -12.602
 1.750  -4.905  -7.552
 1.875  -3.051 -13.277
 2.000  -7.278  -9.104
 2.125 -14.750  -4.522
 2.250  -9.560  -4.922
 2.375  -9.868 -10.865
 2.500 -19.607 -20.103
 2.625 -14.421  -8.638
 2.750  -8.689  -7.518
 2.875  -9.085 -12.075
 3.000 -15.802 -29.192
 3.125 -21.021 -11.365
 3.250 -11.498  -9.183
 3.375 -10.844 -12.172
 3.500 -16.127 -26.162
 3.625 -26.039 -16.852
 3.750 -13.614 -13.763
 3.875 -11.883 -17.540
 4.000 -14.841 -19.048
 4.125 -23.599 -12.688
 4.250 -20.982 -12.232
 4.375 -20.910 -20.655
 4.500 -33.783 -14.538
 4.625 -14.842  -6.195
 4.750  -9.738  -3.020
 4.875  -8.362  -2.321
 5.000  -9.732  -3.545
 5.125 -14.358  -6.684
 5.250 -24.695 -12.165
 5.375 -21.514 -21.272
 5.500 -19.962 -36.319
 5.625 -25.612 -47.644
 5.750 -33.743 -35.891
 5.875 -23.139 -33.045
 6.000 -22.961 -36.182


105.9 ELAPSED SECONDS.




EXIT

-ST


----

14-AUG-72 26:09


FEED AMPLITUDES: 0 0.570 0.570
DIFFERENTIAL PHASES: 18 34 50 68 86 102 118

3 DB BEAMWIDTH IS  0.5035
PEAK IS  15.4935 DB AT BEARING  1.0757
SIDELOBES ARE 19.867 AND 18.170 DB DOWN

FAR FIELD:

 ANGLE   DBL     DBR

 1.125  15.384  15.384
 1.250  15.234  14.101
 1.375  13.608  11.177
 1.500  10.160   5.926
 1.625   3.708  -4.400
 1.750 -14.827 -13.015
 1.875  -4.637  -7.678
 2.000  -2.881 -13.317
 2.125  -7.173  -9.441
 2.250 -14.470  -4.786
 2.375  -9.233  -5.140
 2.500  -9.614 -10.975
 2.625 -19.619 -20.938
 2.750 -13.861  -9.065
 2.875  -8.242  -7.884
 3.000  -8.679 -12.351
 3.125 -15.522 -30.928
 3.250 -20.126 -11.967
 3.375 -10.862  -9.724
 3.500 -10.245 -12.660
 3.625 -15.609 -26.248
 3.750 -24.784 -17.697
 3.875 -12.726 -14.515
 4.000 -11.006 -18.237
 4.125 -13.957 -20.117
 4.250 -22.680 -13.743
 4.375 -19.704 -13.284
 4.500 -19.650 -21.485
 4.625 -31.451 -16.190
 4.750 -12.920  -7.856
 4.875  -7.559  -4.873
 5.000  -5.713  -4.487
 5.125  -6.251  -6.205
 5.250  -9.126 -10.205
 5.375 -15.172 -17.464
 5.500 -27.093 -29.491
 5.625 -26.107 -30.324
 5.750 -29.220 -41.480
 5.875 -35.490 -32.859
 6.000 -24.674 -30.839
 6.125 -24.194 -34.787


 84.8 ELAPSED SECONDS.




EXIT

-ST


----

14-AUG-72 26:11


FEED AMPLITUDES: 0 0.570 0.570
DIFFERENTIAL PHASES: 20 38 56 76 96 114 132

3 DB BEAMWIDTH IS  0.5035
PEAK IS  15.4855 DB AT BEARING  1.2005
SIDELOBES ARE 20.164 AND 18.004 DB DOWN

FAR FIELD:

 ANGLE   DBL     DBR

 1.250  15.375  15.375
 1.375  15.228  14.091
 1.500  13.602  11.171
 1.625  10.144   5.943
 1.750   3.648  -4.260
 1.875 -15.534 -13.471
 2.000  -4.400  -7.833
 2.125  -2.740 -13.381
 2.250  -7.098  -9.810
 2.375 -14.211  -5.080
 2.500  -8.937  -5.390
 2.625  -9.392 -11.119
 2.750 -19.676 -21.838
 2.875 -13.339  -9.529
 3.000  -7.831  -8.286
 3.125  -8.312 -12.667
 3.250 -15.288 -32.905
 3.375 -19.290 -12.614
 3.500 -10.272 -10.312
 3.625  -9.697 -13.200
 3.750 -15.150 -26.406
 3.875 -23.616 -18.608
 4.000 -11.907 -15.336
 4.125 -10.204 -19.010
 4.250 -13.160 -21.272
 4.375 -21.854 -14.903
 4.500 -18.548 -14.460
 4.625 -18.539 -22.482
 4.750 -29.334 -18.043
 4.875 -11.245  -9.768
 5.000  -5.718  -7.075
 5.125  -3.573  -7.176
 5.250  -3.630  -9.755
 5.375  -5.670 -15.536
 5.500  -9.965 -25.728
 5.625 -17.601 -23.585
 5.750 -31.736 -24.743
 5.875 -35.516 -37.601
 6.000 -38.416 -30.884
 6.125 -26.847 -29.233
 6.250 -25.835 -33.764


126.8 ELAPSED SECONDS.




EXIT

-ST


----

14-AUG-72 26:13


FEED AMPLITUDES: 0 0.725 0.400
DIFFERENTIAL PHASES: 22 42 62 84 106 126 146

3 DB BEAMWIDTH IS  0.5035
PEAK IS  15.4756 DB AT BEARING  1.3319
SIDELOBES ARE 18.737 AND 18.334 DB DOWN

FAR FIELD:

 ANGLE   DBL     DBR

 1.375  15.392  15.392
 1.500  15.172  14.181
 1.625  13.470  11.341
 1.750   9.926   6.212
 1.875   3.305  -3.795
 2.000 -16.666 -13.540
 2.125  -4.606  -7.508
 2.250  -3.123 -12.882
 2.375  -7.632  -9.541
 2.500 -14.637  -4.653
 2.625  -9.426  -4.834
 2.750 -10.049 -10.375
 2.875 -20.721 -21.792
 3.000 -13.895  -8.923
 3.125  -8.602  -7.522
 3.250  -9.238 -11.717
 3.375 -16.470 -33.757
 3.500 -20.006 -11.778
 3.625 -11.357  -9.294
 3.750 -10.968 -12.005
 3.875 -16.672 -24.706
 4.000 -24.626 -17.498
 4.125 -13.439 -13.960
 4.250 -11.972 -17.397
 4.375 -15.182 -19.822
 4.500 -24.127 -13.211
 4.625 -20.841 -12.487
 4.750 -21.289 -19.984
 4.875 -31.618 -15.948
 5.000 -14.592  -7.137
 5.125  -9.783  -3.922
 5.250  -8.614  -3.308
 5.375 -10.227  -4.735
 5.500 -15.250  -8.283
 5.625 -24.610 -14.673
 5.750 -20.220 -26.390
 5.875 -19.586 -33.411
 6.000 -25.954 -41.391
 6.125 -32.160 -33.715
 6.250 -22.823 -30.866
 6.375 -23.012 -34.954


 74.4 ELAPSED SECONDS.




EXIT

-ST


----

14-AUG-72 26:14


FEED AMPLITUDES: 0 0.725 0.400
DIFFERENTIAL PHASES: 24 46 68 92 116 138 160

3 DB BEAMWIDTH IS  0.5035
PEAK IS  15.4915 DB AT BEARING  1.4567
SIDELOBES ARE 19.939 AND 18.164 DB DOWN

FAR FIELD:

 ANGLE   DBL     DBR

 1.500  15.407  15.407
 1.625  15.190  14.194
 1.750  13.488  11.358
 1.875   9.935   6.251
 2.000   3.267  -3.640
 2.125 -17.484 -14.010
 2.250  -4.347  -7.645
 2.375  -2.956 -12.919
 2.500  -7.531  -9.891
 2.625 -14.331  -4.926
 2.750  -9.102  -5.062
 2.875  -9.797 -10.502
 3.000 -20.773 -22.741
 3.125 -13.346  -9.367
 3.250  -8.154  -7.901
 3.375  -8.832 -12.012
 3.500 -16.203 -36.246
 3.625 -19.152 -12.404
 3.750 -10.720  -9.854
 3.875 -10.366 -12.516
 4.000 -16.158 -24.866
 4.125 -23.438 -18.387
 4.250 -12.547 -14.747
 4.375 -11.086 -18.131
 4.500 -14.288 -20.929
 4.625 -23.170 -14.323
 4.750 -19.552 -13.605
 4.875 -20.014 -20.939
 5.000 -29.358 -17.736
 5.125 -12.637  -8.940
 5.250  -7.548  -5.970
 5.375  -5.875  -5.766
 5.500  -6.587  -7.891
 5.625  -9.694 -12.811
 5.750 -16.139 -22.717
 5.875 -27.102 -26.849
 6.000 -24.965 -25.710
 6.125 -29.308 -36.829
 6.250 -33.857 -31.391
 6.375 -24.284 -29.042
 6.500 -24.192 -33.735


 78.3 ELAPSED SECONDS.




EXIT

-ST


----

14-AUG-72 26:15


FEED AMPLITUDES: 0 0.725 0.400
DIFFERENTIAL PHASES: 26 50 74 100 126 150 174

3 DB BEAMWIDTH IS  0.5035
PEAK IS  15.4813 DB AT BEARING  1.5814
SIDELOBES ARE 20.211 AND 17.995 DB DOWN

FAR FIELD:

 ANGLE   DBL     DBR

 1.625  15.396  15.396
 1.750  15.181  14.181
 1.875  13.480  11.349
 2.000   9.917   6.264
 2.125   3.201  -3.515
 2.250 -18.409 -14.530
 2.375  -4.118  -7.811
 2.500  -2.818 -12.982
 2.625  -7.460 -10.274
 2.750 -14.046  -5.231
 2.875  -8.809  -5.321
 3.000  -9.579 -10.663
 3.125 -20.873 -23.763
 3.250 -12.834  -9.848
 3.375  -7.744  -8.319
 3.500  -8.464 -12.348
 3.625 -15.983 -38.971
 3.750 -18.353 -13.079
 3.875 -10.130 -10.464
 4.000  -9.815 -13.081
 4.125 -15.704 -25.101
 4.250 -22.331 -19.347
 4.375 -11.725 -15.608
 4.500 -10.277 -18.948
 4.625 -13.483 -22.129
 4.750 -22.307 -15.552
 4.875 -18.388 -14.864
 5.000 -18.895 -22.079
 5.125 -27.327 -19.763
 5.250 -10.938 -11.051
 5.375  -5.668  -8.467
 5.500  -3.677  -8.953
 5.625  -3.875 -12.448
 5.750  -6.078 -20.888
 5.875 -10.609 -23.222
 6.000 -18.662 -19.234
 6.125 -31.898 -21.629
 6.250 -34.850 -33.721
 6.375 -36.593 -29.817
 6.500 -26.329 -27.678
 6.625 -25.755 -32.810


 83.7 ELAPSED SECONDS.




EXIT

-ST


----

14-AUG-72 26:17


FEED AMPLITUDES: 0 0.847 0.244
DIFFERENTIAL PHASES: 28 54 80 108 136 162 188

3 DB BEAMWIDTH IS  0.5035
PEAK IS  15.5029 DB AT BEARING  1.7118
SIDELOBES ARE 19.864 AND 18.256 DB DOWN

FAR FIELD:

 ANGLE   DBL     DBR

 1.750  15.437  15.437
 1.875  15.162  14.284
 2.000  13.395  11.519
 2.125   9.756   6.518
 2.250   2.922  -3.091
 2.375 -19.697 -14.706
 2.500  -4.241  -7.552
 2.625  -3.103 -12.551
 2.750  -7.889 -10.103
 2.875 -14.331  -4.917
 3.000  -9.176  -4.895
 3.125 -10.105 -10.074
 3.250 -21.822 -24.007
 3.375 -13.253  -9.439
 3.500  -8.361  -7.770
 3.625  -9.231 -11.641
 3.750 -17.017 -40.142
 3.875 -18.935 -12.546
 4.000 -11.043  -9.774
 4.125 -10.911 -12.247
 4.250 -17.058 -23.846
 4.375 -23.225 -18.693
 4.500 -13.084 -14.720
 4.625 -11.875 -17.871
 4.750 -15.343 -21.264
 4.875 -24.404 -14.527
 5.000 -20.557 -13.636
 5.125 -21.552 -20.456
 5.250 -29.660 -18.658
 5.375 -14.303  -9.517
 5.500  -9.858  -6.586
 5.625  -9.046  -6.574
 5.750 -11.235  -9.143
 5.875 -17.645 -15.264
 6.000 -23.653 -28.920
 6.125 -17.750 -22.304
 6.250 -18.150 -22.810
 6.375 -25.390 -33.750
 6.500 -29.930 -30.230
 6.625 -21.698 -27.575
 6.750 -22.271 -32.618


 84.4 ELAPSED SECONDS.




EXIT

-ST


----

14-AUG-72 26:18


FEED AMPLITUDES: 0 0.847 0.244
DIFFERENTIAL PHASES: 30 58 86 116 146 174 202

3 DB BEAMWIDTH IS  0.5034
PEAK IS  15.5039 DB AT BEARING  1.8364
SIDELOBES ARE 20.144 AND 18.081 DB DOWN

FAR FIELD:

 ANGLE   DBL     DBR

 1.875  15.437  1
 2.000  15.165  14.281
 2.125  13.399  11.519
 2.250   9.751   6.539
 2.375   2.866  -2.964
 2.500 -20.767 -15.267
 2.625  -4.001  -7.716
 2.750  -2.949 -12.605
 2.875  -7.802 -10.486
 3.000 -14.012  -5.219
 3.125  -8.863  -5.153
 3.250  -9.866 -10.238
 3.375 -21.928 -25.114
 3.500 -12.720  -9.926
 3.625  -7.921  -8.190
 3.750  -8.831 -11.983
 3.875 -16.774 -40.661
 4.000 -18.117 -13.234
 4.125 -10.409 -10.394
 4.250 -10.309 -12.824
 4.375 -16.553 -24.125
 4.500 -22.088 -19.684
 4.625 -12.188 -15.605
 4.750 -10.978 -18.717
 4.875 -14.435 -22.490
 5.000 -23.396 -15.804
 5.125 -19.242 -14.954
 5.250 -20.243 -21.697
 5.375 -27.441 -20.826
 5.500 -12.262 -11.798
 5.625  -7.481  -9.352
 5.750  -6.062 -10.267
 5.875  -7.100 -14.960
 6.000 -10.774 -27.157
 6.125 -18.610 -18.768
 6.250 -26.239 -16.506
 6.375 -22.649 -19.431
 6.500 -28.374 -31.034
 6.625 -31.484 -28.880
 6.750 -23.040 -26.347
 6.875 -23.370 -31.735


 72.8 ELAPSED SECONDS.




EXIT

-ST


----

14-AUG-72 26:19


FEED AMPLITUDES: 0 1 0
DIFFERENTIAL PHASES: 32 62 92 124 156 186 216

3 DB BEAMWIDTH IS  0.5032
PEAK IS  15.4422 DB AT BEARING  1.9694
SIDELOBES ARE 19.567 AND 18.558 DB DOWN

FAR FIELD:

 ANGLE   DBL     DBR

 2.000  15.400  15.400
 2.125  15.038  14.333
 2.250  13.177  11.664
 2.375   9.419   6.792
 2.500   2.379  -2.522
 2.625 -22.415 -15.451
 2.750  -4.407  -7.392
 2.875  -3.555 -12.082
 3.000  -8.596 -10.209
 3.125 -14.694  -4.775
 3.250  -9.693  -4.576
 3.375 -10.914  -9.481
 3.500 -23.490 -25.248
 3.625 -13.793  -9.311
 3.750  -9.262  -7.411
 3.875 -10.406 -11.030
 4.000 -18.722 -37.956
 4.125 -19.726 -12.419
 4.250 -12.454  -9.394
 4.375 -12.678 -11.660
 4.500 -19.354 -22.547
 4.625 -24.652 -18.668
 4.750 -15.427 -14.317
 4.875 -14.753 -17.211
 5.000 -18.855 -21.155
 5.125 -28.537 -14.287
 5.250 -25.179 -13.190
 5.375 -27.710 -19.503
 5.500 -36.348 -19.092
 5.625 -25.561  -9.504
 5.750 -33.915  -6.543
 5.875 -18.890  -6.641
 6.000 -10.513  -9.554
 6.125  -6.650 -16.943
 6.250  -5.367 -29.655
 6.375  -6.324 -19.398
 6.500  -9.990 -20.519
 6.625 -19.339 -30.972
 6.750 -23.842 -29.133
 6.875 -16.984 -26.023
 7.000 -18.362 -31.229


 70.9 ELAPSED SECONDS.




EXIT

-ST


----

14-AUG-72 26:21


FEED AMPLITUDES: 0 1 0
DIFFERENTIAL PHASES: 34 66 98 132 166 198 230

3 DB BEAMWIDTH IS  0.5033
PEAK IS  15.4809 DB AT BEARING  2.0939
SIDELOBES ARE 19.863 AND 18.365 DB DOWN

FAR FIELD:

 ANGLE   DBL     DBR

 2.125  15.437  15.437
 2.250  15.081  14.366
 2.375  13.222  11.698
 2.500   9.457   6.845
 2.625   2.365  -2.371
 2.750 -23.437 -16.042
 2.875  -4.117  -7.534
 3.000  -3.346 -12.108
 3.125  -8.451 -10.572
 3.250 -14.296  -5.057
 3.375  -9.310  -4.813
 3.500 -10.599  -9.629
 3.625 -23.544 -26.405
 3.750 -13.172  -9.786
 3.875  -8.720  -7.817
 4.000  -9.893 -11.360
 4.125 -18.367 -36.167
 4.250 -18.783 -13.102
 4.375 -11.658 -10.005
 4.500 -11.890 -12.230
 4.625 -18.640 -22.848
 4.750 -23.288 -19.672
 4.875 -14.226 -15.205
 5.000 -13.481 -18.062
 5.125 -17.477 -22.377
 5.250 -26.897 -15.584
 5.375 -23.041 -14.536
 5.500 -25.215 -20.805
 5.625 -32.282 -21.360
 5.750 -19.851 -11.894
 5.875 -18.880  -9.500
 6.000 -30.192 -10.741
 6.125 -16.997 -16.701
 6.250 -10.100 -27.960
 6.375  -7.664 -15.953
 6.500  -8.015 -14.383
 6.625 -11.328 -17.443
 6.750 -20.574 -28.447
 6.875 -24.288 -27.898
 7.000 -17.522 -24.854
 7.125 -18.854 -30.332


 72.2 ELAPSED SECONDS.




EXIT

-ST


----

14-AUG-72 26:22


FEED AMPLITUDES: 0 1 0
DIFFERENTIAL PHASES: 36 70 104 140 176 210 244

3 DB BEAMWIDTH IS  0.5032
PEAK IS  15.4907 DB AT BEARING  2.2184
SIDELOBES ARE 20.164 AND 18.174 DB DOWN

FAR FIELD:

 ANGLE   DBL     DBR

 2.250  15.446  15.446
 2.375  15.094  14.370
 2.500  13.238  11.703
 2.625   9.464   6.868
 2.750   2.319  -2.253
 2.875 -24.272 -16.696
 3.000  -3.861  -7.709
 3.125  -3.169 -12.165
 3.250  -8.340 -10.970
 3.375 -13.928  -5.374
 3.500  -8.965  -5.085
 3.625 -10.325  -9.815
 3.750 -23.656 -27.607
 3.875 -12.598 -10.303
 4.000  -8.226  -8.265
 4.125  -9.432 -11.737
 4.250 -18.075 -34.611
 4.375 -17.908 -13.842
 4.500 -10.931 -10.675
 4.625 -11.179 -12.865
 4.750 -18.018 -23.233
 4.875 -22.041 -20.766
 5.000 -13.147 -16.187
 5.125 -12.359 -19.022
 5.250 -16.288 -23.723
 5.375 -25.496 -17.045
 5.500 -21.253 -16.092
 5.625 -23.254 -22.395
 5.750 -29.161 -24.051
 5.875 -16.195 -14.924
 6.000 -13.239 -13.642
 6.125 -15.192 -17.921
 6.250 -28.325 -27.748
 6.375 -16.607 -14.292
 6.500 -11.139 -10.984
 6.625 -10.343 -11.389
 6.750 -13.071 -15.283
 6.875 -22.101 -26.473
 7.000 -24.963 -27.032
 7.125 -18.232 -23.946
 7.250 -19.489 -29.610


 69.5 ELAPSED SECONDS.




EXIT

-ST


----

14-AUG-72 26:23


FEED AMPLITUDES: 0 1 0
DIFFERENTIAL PHASES: 38 74 110 148 186 222 258

3 DB BEAMWIDTH IS  0.5032
PEAK IS  15.4715 DB AT BEARING  2.3429
SIDELOBES ARE 20.471 AND 17.987 DB DOWN

FAR FIELD:

 ANGLE   DBL     DBR

 2.375  15.425  15.425
 2.500  15.079  14.345
 2.625  13.225  11.680
 2.750   9.441   6.862
 2.875   2.239  -2.167
 3.000 -24.667 -17.418
 3.125  -3.639  -7.918
 3.250  -3.026 -12.254
 3.375  -8.264 -11.404
 3.500 -13.589  -5.726
 3.625  -8.656  -5.393
 3.750 -10.090 -10.041
 3.875 -23.821 -28.816
 4.000 -12.067 -10.866
 4.125  -7.775  -8.759
 4.250  -9.018 -12.163
 4.375 -17.843 -33.396
 4.500 -17.097 -14.644
 4.625 -10.265 -11.409
 4.750 -10.537 -13.570
 4.875 -17.478 -23.710
 5.000 -20.892 -21.961
 5.125 -12.172 -17.279
 5.250 -11.359 -20.113
 5.375 -15.249 -25.221
 5.500 -24.271 -18.717
 5.625 -19.717 -17.930
 5.750 -21.645 -24.396
 5.875 -26.594 -27.402
 6.000 -13.461 -19.140
 6.125  -9.650 -20.864
 6.250  -9.586 -29.001
 6.375 -13.352 -14.111
 6.500 -27.958  -9.357
 6.625 -17.671  -8.036
 6.750 -13.849  -9.312
 6.875 -15.452 -13.657
 7.000 -24.039 -24.869
 7.125 -25.937 -26.440
 7.250 -19.160 -23.239
 7.375 -20.296 -29.026


 69.0 ELAPSED SECONDS.




EXIT

-ST


----

14-AUG-72 26:24


FEED AMPLITUDES: 0.244 0.847 0
DIFFERENTIAL PHASES: 40 78 116 156 196 234 272

3 DB BEAMWIDTH IS  0.5037
PEAK IS  15.4634 DB AT BEARING  2.4757
SIDELOBES ARE 19.100 AND 18.361 DB DOWN

FAR FIELD:

 ANGLE   DBL     DBR

 2.500  15.437  15.437
 2.625  15.003  14.447
 2.750  13.060  11.879
 2.875   9.177   7.178
 3.000   1.829  -1.657
 3.125 -24.827 -17.645
 3.250  -3.920  -7.485
 3.375  -3.473 -11.583
 3.500  -8.867 -10.958
 3.625 -14.009  -5.070
 3.750  -9.202  -4.557
 3.875 -10.799  -8.978
 4.000 -25.034 -28.481
 4.125 -12.670  -9.822
 4.250  -8.554  -7.465
 4.375  -9.937 -10.607
 4.500 -19.059 -30.236
 4.625 -17.843 -13.018
 4.750 -11.272  -9.448
 4.875 -11.696 -11.286
 5.000 -18.886 -20.872
 5.125 -21.854 -19.453
 5.250 -13.471 -14.205
 5.375 -12.833 -16.495
 5.500 -16.919 -21.335
 5.625 -26.024 -14.183
 5.750 -21.518 -12.469
 5.875 -23.827 -17.603
 6.000 -28.452 -19.737
 6.125 -16.049  -8.510
 6.250 -12.921  -4.664
 6.375 -14.065  -3.637
 6.500 -20.273  -4.646
 6.625 -18.191  -7.570
 6.750 -12.809 -12.527
 6.875 -11.891 -19.067
 7.000 -14.619 -24.751
 7.125 -23.979 -33.948
 7.250 -25.688 -34.518
 7.375 -19.401 -29.657
 7.500 -20.833 -34.379


 70.5 ELAPSED SECONDS.




EXIT

-ST


----

14-AUG-72 26:25


FEED AMPLITUDES: 0.244 0.847 0
DIFFERENTIAL PHASES: 42 82 122 164 206 246 286

3 DB BEAMWIDTH IS  0.5037
PEAK IS  15.4798 DB AT BEARING  2.6004
SIDELOBES ARE 19.975 AND 18.184 DB DOWN

FAR FIELD:

 ANGLE   DBL     DBR

 2.625  15.453  15.453
 2.750  15.022  14.461
 2.875  13.078  11.896
 3.000   9.184   7.215
 3.125   1.773  -1.530
 3.250 -23.960 -18.398
 3.375  -3.675  -7.647
 3.500  -3.307 -11.617
 3.625  -8.771 -11.336
 3.750 -13.638  -5.361
 3.875  -8.874  -4.797
 4.000 -10.548  -9.132
 4.125 -25.200 -29.316
 4.250 -12.127 -10.302
 4.375  -8.089  -7.862
 4.500  -9.510 -10.928
 4.625 -18.835 -29.354
 4.750 -17.033 -13.694
 4.875 -10.597 -10.030
 5.000 -11.046 -11.818
 5.125 -18.350 -21.170
 5.250 -20.725 -20.434
 5.375 -12.497 -15.020
 5.500 -11.838 -17.250
 5.625 -15.891 -22.394
 5.750 -24.793 -15.329
 5.875 -20.014 -13.610
 6.000 -22.275 -18.652
 6.125 -26.005 -21.705
 6.250 -13.463 -10.318
 6.375  -9.635  -6.667
 6.500  -9.337  -5.967
 6.625 -12.276  -7.453
 6.750 -19.953 -10.971
 6.875 -19.304 -15.806
 7.000 -15.582 -18.943
 7.125 -17.109 -21.779
 7.250 -25.996 -30.870
 7.375 -26.724 -32.833
 7.500 -20.356 -28.117
 7.625 -21.657 -33.109


103.6 ELAPSED SECONDS.




EXIT

-ST


----

14-AUG-72 26:27


FEED AMPLITUDES: 0.400 0.725 0
DIFFERENTIAL PHASES: 44 86 128 172 216 258 300

3 DB BEAMWIDTH IS  0.5039
PEAK IS  15.4196 DB AT BEARING  2.7309
SIDELOBES ARE 16.895 AND 18.410 DB DOWN

FAR FIELD:

 ANGLE   DBL     DBR

 2.750  15.403  15.403
 2.875  14.911  14.474
 3.000  12.903  11.979
 3.125   8.932   7.384
 3.250   1.394  -1.205
 3.375 -23.134 -18.924
 3.500  -3.879  -7.471
 3.625  -3.653 -11.236
 3.750  -9.253 -11.227
 3.875 -13.907  -5.085
 4.000  -9.258  -4.387
 4.125 -11.078  -8.552
 4.250 -26.217 -29.036
 4.375 -12.512  -9.865
 4.500  -8.627  -7.240
 4.625 -10.169 -10.123
 4.750 -19.793 -27.393
 4.875 -17.490 -13.015
 5.000 -11.281  -9.120
 5.125 -11.861 -10.714
 5.250 -19.400 -19.684
 5.375 -21.311 -19.460
 5.500 -13.373 -13.677
 5.625 -12.856 -15.626
 5.750 -17.070 -20.809
 5.875 -25.984 -13.559
 6.000 -21.228 -11.491
 6.125 -23.803 -16.038
 6.250 -27.135 -19.531
 6.375 -15.131  -7.318
 6.500 -11.700  -3.031
 6.625 -11.965  -1.536
 6.750 -15.613  -1.950
 6.875 -18.765  -4.059
 7.000 -14.868  -7.934
 7.125 -13.652 -13.864
 7.250 -16.224 -22.301
 7.375 -25.838 -35.046
 7.500 -26.332 -38.411
 7.625 -20.394 -32.604
 7.750 -21.953 -36.679


 77.6 ELAPSED SECONDS.




EXIT

-ST


----

14-AUG-72 26:28


FEED AMPLITUDES: 0.400 0.725 0
DIFFERENTIAL PHASES: 46 90 134 180 226 270 314

3 DB BEAMWIDTH IS  0.5040
PEAK IS  15.4466 DB AT BEARING  2.8557
SIDELOBES ARE 18.769 AND 18.237 DB DOWN

FAR FIELD:

 ANGLE   DBL     DBR

 2.875  15.430  15.430
 3.000  14.940  14.500
 3.125  12.930  12.009
 3.250   8.945   7.434
 3.375   1.339  -1.067
 3.500 -21.798 -19.742
 3.625  -3.632  -7.622
 3.750  -3.484 -11.252
 3.875  -9.156 -11.591
 4.000 -13.526  -5.358
 4.125  -8.930  -4.607
 4.250 -10.829  -8.685
 4.375 -26.372 -29.213
 4.500 -11.974 -10.325
 4.625  -8.165  -7.609
 4.750  -9.748 -10.412
 4.875 -19.600 -26.762
 5.000 -16.700 -13.662
 5.125 -10.618  -9.660
 5.250 -11.225 -11.196
 5.375 -18.893 -19.944
 5.500 -20.220 -20.401
 5.625 -12.425 -14.423
 5.750 -11.893 -16.298
 5.875 -16.084 -21.740
 6.000 -24.782 -14.593
 6.125 -19.799 -12.493
 6.250 -22.360 -16.927
 6.375 -24.872 -21.351
 6.500 -12.786  -8.849
 6.625  -8.843  -4.657
 6.750  -8.185  -3.340
 6.875 -10.227  -4.006
 7.000 -15.339  -6.448
 7.125 -19.927 -10.695
 7.250 -17.704 -16.654
 7.375 -18.979 -23.470
 7.500 -28.042 -33.245
 7.625 -27.503 -36.539
 7.750 -21.434 -30.621
 7.875 -22.839 -34.981


 69.5 ELAPSED SECONDS.




EXIT

-ST


----

14-AUG-72 26:30


FEED AMPLITUDES: 0.400 0.725 0
DIFFERENTIAL PHASES: 48 94 140 188 236 282 328

3 DB BEAMWIDTH IS  0.5040
PEAK IS  15.4476 DB AT BEARING  2.9805
SIDELOBES ARE 20.084 AND 18.067 DB DOWN

FAR FIELD:

 ANGLE   DBL     DBR

 3.000  15.431  15.431
 3.125  14.942  14.500
 3.250  12.930  12.013
 3.375   8.930   7.458
 3.500   1.253  -0.957
 3.625 -20.499 -20.618
 3.750  -3.415  -7.804
 3.875  -3.345 -11.297
 4.000  -9.091 -11.984
 4.125 -13.173  -5.662
 4.250  -8.634  -4.857
 4.375 -10.616  -8.851
 4.500 -26.536 -29.095
 4.625 -11.475 -10.822
 4.750  -7.741  -8.014
 4.875  -9.370 -10.740
 5.000 -19.464 -26.273
 5.125 -15.962 -14.356
 5.250 -10.006 -10.244
 5.375 -10.646 -11.727
 5.500 -18.455 -20.265
 5.625 -19.207 -21.413
 5.750 -11.557 -15.233
 5.875 -11.021 -17.039
 6.000 -15.207 -22.732
 6.125 -23.697 -15.718
 6.250 -18.531 -13.598
 6.375 -21.124 -17.942
 6.500 -22.891 -23.358
 6.625 -10.818 -10.562
 6.750  -6.559  -6.508
 6.875  -5.362  -5.432
 7.000  -6.472  -6.428
 7.125  -9.975  -9.245
 7.250 -16.525 -13.532
 7.375 -22.794 -17.903
 7.500 -23.087 -21.948
 7.625 -31.030 -30.593
 7.750 -29.167 -34.970
 7.875 -22.809 -29.056
 8.000 -23.973 -33.617


 80.4 ELAPSED SECONDS.




EXIT

-ST


----

14-AUG-72 26:31


FEED AMPLITUDES: 0.570 0.570 0
DIFFERENTIAL PHASES: 50 98 146 196 246 294 342

3 DB BEAMWIDTH IS  0.5042
PEAK IS  15.4157 DB AT BEARING  3.1122
SIDELOBES ARE 16.713 AND 18.386 DB DOWN

FAR FIELD:

 ANGLE   DBL     DBR

 3.125  15.408  15.408
 3.250  14.845  14.553
 3.375  12.754  12.148
 3.500   8.663   7.690
 3.625   0.835  -0.563
 3.750 -19.671 -21.140
 3.875  -3.684  -7.541
 4.000  -3.771 -10.813
 4.125  -9.673 -11.766
 4.250 -13.545  -5.268
 4.375  -9.152  -4.317
 4.500 -11.304  -8.136
 4.625 -27.645 -27.753
 4.750 -12.062 -10.244
 4.875  -8.501  -7.235
 5.000 -10.278  -9.774
 5.125 -20.739 -24.458
 5.250 -16.740 -13.521
 5.375 -11.029  -9.162
 5.500 -11.836 -10.448
 5.625 -19.938 -18.629
 5.750 -20.275 -20.308
 5.875 -12.940 -13.727
 6.000 -12.600 -15.257
 6.125 -17.011 -20.952
 6.250 -25.547 -13.828
 6.375 -20.530 -11.381
 6.500 -23.549 -15.283
 6.625 -25.072 -21.307
 6.750 -13.647  -7.648
 6.875  -9.969  -3.076
 7.000  -9.554  -1.405
 7.125 -11.759  -1.667
 7.250 -15.814  -3.620
 7.375 -16.643  -7.325
 7.500 -15.789 -13.084
 7.625 -18.205 -21.460
 7.750 -28.255 -34.075
 7.875 -26.915 -40.293
 8.000 -21.427 -33.164
 8.125 -23.162 -36.640


 77.3 ELAPSED SECONDS.




EXIT

-ST


----

14-AUG-72 26:32


FEED AMPLITUDES: 0.570 0.570 0
DIFFERENTIAL PHASES: 52 102 152 204 256 306 356

3 DB BEAMWIDTH IS  0.5042
PEAK IS  15.4408 DB AT BEARING  3.2371
SIDELOBES ARE 18.559 AND 18.217 DB DOWN

FAR FIELD:

 ANGLE   DBL     DBR

 3.250  15.433  15.433
 3.375  14.871  14.578
 3.500  12.777  12.178
 3.625   8.669   7.740
 3.750   0.764  -0.431
 3.875 -18.497 -21.978
 4.000  -3.448  -7.702
 4.125  -3.611 -10.831
 4.250  -9.588 -12.134
 4.375 -13.163  -5.546
 4.500  -8.836  -4.538
 4.625 -11.071  -8.272
 4.750 -27.671 -27.207
 4.875 -11.542 -10.715
 5.000  -8.054  -7.604
 5.125  -9.876 -10.064
 5.250 -20.610 -24.083
 5.375 -15.984 -14.184
 5.500 -10.389  -9.701
 5.625 -11.228 -10.927
 5.750 -19.483 -18.909
 5.875 -19.241 -21.289
 6.000 -12.035 -14.471
 6.125 -11.687 -15.923
 6.250 -16.089 -21.822
 6.375 -24.384 -14.858
 6.500 -19.202 -12.372
 6.625 -22.250 -16.172
 6.750 -23.028 -23.253
 6.875 -11.570  -9.162
 7.000  -7.541  -4.669
 7.125  -6.553  -3.165
 7.250  -7.891  -3.667
 7.375 -11.553  -5.947
 7.500 -17.049 -10.054
 7.625 -19.574 -16.051
 7.750 -21.284 -23.302
 7.875 -30.751 -32.730
 8.000 -28.297 -38.430
 8.125 -22.607 -31.036
 8.250 -24.154 -34.781


 75.0 ELAPSED SECONDS.




EXIT

-ST


----

14-AUG-72 26:34


FEED AMPLITUDES: 0.570 0.570 0
DIFFERENTIAL PHASES: 54 106 158 212 266 318 370

3 DB BEAMWIDTH IS  0.5042
PEAK IS  15.4403 DB AT BEARING  3.3620
SIDELOBES ARE 20.080 AND 18.050 DB DOWN

FAR FIELD:

 ANGLE   DBL     DBR

 3.375  15.433  15.433
 3.500  14.870  14.578
 3.625  12.774  12.182
 3.750   8.648   7.765
 3.875   0.663  -0.326
 4.000 -17.433 -22.760
 4.125  -3.240  -7.892
 4.250  -3.481 -10.877
 4.375  -9.535 -12.531
 4.500 -12.809  -5.854
 4.625  -8.551  -4.788
 4.750 -10.873  -8.441
 4.875 -27.635 -26.628
 5.000 -11.059 -11.224
 5.125  -7.644  -8.009
 5.250  -9.514 -10.391
 5.375 -20.541 -23.807
 5.500 -15.278 -14.895
 5.625  -9.799 -10.284
 5.750 -10.673 -11.453
 5.875 -19.096 -19.246
 6.000 -18.280 -22.343
 6.125 -11.203 -15.278
 6.250 -10.857 -16.656
 6.375 -15.264 -22.746
 6.500 -23.323 -15.978
 6.625 -18.013 -13.462
 6.750 -21.126 -17.181
 6.875 -21.214 -25.407
 7.000  -9.784 -10.851
 7.125  -5.523  -6.479
 7.250  -4.159  -5.203
 7.375  -4.915  -6.028
 7.500  -7.708  -8.713
 7.625 -12.812 -13.068
 7.750 -20.012 -17.971
 7.875 -25.126 -22.206
 8.000 -34.094 -30.018
 8.125 -30.246 -36.813
 8.250 -24.173 -29.361
 8.375 -25.427 -33.294


 70.4 ELAPSED SECONDS.




EXIT

-ST


----

14-AUG-72 26:35


FEED AMPLITUDES: 0.725 0.400 0
DIFFERENTIAL PHASES: 56 110 164 220 276 330 384

3 DB BEAMWIDTH IS  0.5043
PEAK IS  15.4184 DB AT BEARING  3.4937
SIDELOBES ARE 17.629 AND 18.386 DB DOWN

FAR FIELD:

 ANGLE   DBL     DBR

 3.500  15.417  15.417
 3.625  14.778  14.637
 3.750  12.601  12.323
 3.875   8.379   8.001
 4.000   0.232   0.064
 4.125 -16.852 -23.013
 4.250  -3.523  -7.647
 4.375  -3.925 -10.408
 4.500 -10.142 -12.333
 4.625 -13.202  -5.489
 4.750  -9.108  -4.283
 4.875 -11.615  -7.771
 5.000 -28.516 -25.111
 5.125 -11.720 -10.724
 5.250  -8.488  -7.310
 5.375 -10.524  -9.519
 5.500 -21.989 -22.281
 5.625 -16.204 -14.209
 5.750 -10.981  -9.352
 5.875 -12.049 -10.346
 6.000 -20.817 -17.829
 6.125 -19.614 -21.519
 6.250 -12.874 -14.041
 6.375 -12.769 -15.179
 6.500 -17.458 -21.257
 6.625 -25.592 -14.500
 6.750 -20.550 -11.718
 6.875 -24.202 -15.086
 7.000 -24.194 -24.204
 7.125 -13.551  -8.715
 7.250 -10.099  -3.970
 7.375  -9.836  -2.298
 7.500 -12.066  -2.652
 7.625 -15.407  -4.798
 7.750 -15.495  -8.843
 7.875 -15.121 -15.131
 8.000 -18.003 -23.706
 8.125 -29.013 -33.729
 8.250 -26.099 -40.673
 8.375 -21.213 -31.644
 8.500 -23.277 -34.619


108.8 ELAPSED SECONDS.




EXIT

-ST


----

14-AUG-72 26:37


FEED AMPLITUDES: 0.725 0.400 0
DIFFERENTIAL PHASES: 58 114 170 228 286 342 398

3 DB BEAMWIDTH IS  0.5043
PEAK IS  15.4422 DB AT BEARING  3.6186
SIDELOBES ARE 19.682 AND 18.214 DB DOWN

FAR FIELD:

 ANGLE   DBL     DBR

 3.625  15.440  15.440
 3.750  14.803  14.661
 3.875  12.621  12.351
 4.000   8.382   8.049
 4.125   0.148   0.190
 4.250 -15.906 -23.345
 4.375  -3.291  -7.823
 4.500  -3.768 -10.434
 4.625 -10.062 -12.707
 4.750 -12.814  -5.779
 4.875  -8.793  -4.513
 5.000 -11.388  -7.920
 5.125 -28.187 -24.517
 5.250 -11.202 -11.221
 5.375  -8.039  -7.694
 5.500 -10.122  -9.825
 5.625 -21.919 -22.076
 5.750 -15.457 -14.912
 5.875 -10.337  -9.912
 6.000 -11.437 -10.846
 6.125 -20.384 -18.151
 6.250 -18.592 -22.585
 6.375 -11.960 -14.822
 6.500 -11.845 -15.881
 6.625 -16.525 -22.106
 6.750 -24.379 -15.588
 6.875 -19.207 -12.770
 7.000 -22.894 -16.059
 7.125 -22.150 -26.481
 7.250 -11.433 -10.353
 7.375  -7.619  -5.715
 7.500  -6.781  -4.264
 7.625  -8.247  -4.948
 7.750 -11.928  -7.576
 7.875 -16.715 -12.242
 8.000 -18.522 -18.529
 8.125 -20.790 -23.676
 8.250 -31.379 -30.459
 8.375 -27.396 -38.574
 8.500 -22.325 -29.607
 8.625 -24.218 -32.875


 77.0 ELAPSED SECONDS.




EXIT

-ST


----

14-AUG-72 26:38


FEED AMPLITUDES: 0.725 0.400 0
DIFFERENTIAL PHASES: 60 118 176 236 296 354 412

3 DB BEAMWIDTH IS  0.5043
PEAK IS  15.4399 DB AT BEARING  3.7436
SIDELOBES ARE 20.122 AND 18.046 DB DOWN

FAR FIELD:

 ANGLE   DBL     DBR

 3.750  15.438  15.438
 3.875  14.801  14.659
 4.000  12.615  12.354
 4.125   8.356   8.071
 4.250   0.031   0.288
 4.375 -15.050 -23.376
 4.500  -3.089  -8.029
 4.625  -3.641 -10.489
 4.750 -10.014 -13.109
 4.875 -12.455  -6.100
 5.000  -8.510  -4.773
 5.125 -11.197  -8.101
 5.250 -27.749 -23.990
 5.375 -10.722 -11.757
 5.500  -7.628  -8.114
 5.625  -9.762 -10.169
 5.750 -21.918 -21.949
 5.875 -14.758 -15.667
 6.000  -9.744 -10.519
 6.125 -10.880 -11.396
 6.250 -20.020 -18.533
 6.375 -17.640 -23.734
 6.500 -11.122 -15.671
 6.625 -11.005 -16.657
 6.750 -15.692 -23.017
 6.875 -23.271 -16.775
 7.000 -18.005 -13.934
 7.125 -21.768 -17.170
 7.250 -20.339 -29.037
 7.375  -9.616 -12.204
 7.500  -5.558  -7.734
 7.625  -4.333  -6.599
 7.750  -5.217  -7.761
 7.875  -8.132 -11.012
 8.000 -13.261 -15.687
 8.125 -19.774 -18.576
 8.250 -24.251 -20.629
 8.375 -34.470 -27.393
 8.500 -29.196 -37.195
 8.625 -23.789 -28.083
 8.750 -25.422 -31.493


 77.9 ELAPSED SECONDS.




EXIT

-ST


----

14-AUG-72 26:39


FEED AMPLITUDES: 0.847 0.244 0
DIFFERENTIAL PHASES: 62 122 182 244 306 366 426

3 DB BEAMWIDTH IS  0.5043
PEAK IS  15.4585 DB AT BEARING  3.8742
SIDELOBES ARE 19.779 AND 18.309 DB DOWN

FAR FIELD:

 ANGLE   DBL     DBR

 3.875  15.458  15.458
 4.000  14.757  14.743
 4.125  12.501  12.506
 4.250   8.156   8.304
 4.375  -0.332   0.656
 4.500 -14.559 -22.743
 4.625  -3.272  -7.845
 4.750  -3.975 -10.089
 4.875 -10.503 -12.991
 5.000 -12.711  -5.841
 5.125  -8.929  -4.389
 5.250 -11.797  -7.573
 5.375 -28.057 -22.729
 5.500 -11.223 -11.456
 5.625  -8.302  -7.622
 5.750 -10.599  -9.528
 5.875 -23.263 -20.794
 6.000 -15.510 -15.291
 6.125 -10.739  -9.904
 6.250 -12.068 -10.635
 6.375 -21.584 -17.514
 6.500 -18.803 -23.400
 6.625 -12.610 -14.903
 6.750 -12.743 -15.692
 6.875 -17.728 -22.028
 7.000 -25.368 -15.930
 7.125 -20.436 -12.885
 7.250 -24.802 -15.859
 7.375 -23.359 -29.053
 7.500 -13.517 -11.061
 7.625 -10.477  -6.346
 7.750 -10.758  -4.990
 7.875 -13.880  -5.917
 8.000 -16.972  -9.029
 8.125 -14.791 -14.579
 8.250 -14.129 -20.721
 8.375 -17.252 -22.660
 8.500 -29.262 -28.196
 8.625 -24.673 -38.478
 8.750 -20.326 -28.272
 8.875 -22.706 -31.196


 73.6 ELAPSED SECONDS.




EXIT

-ST


----

14-AUG-72 26:40


FEED AMPLITUDES: 0.847 0.244 0
DIFFERENTIAL PHASES: 64 126 188 252 316 378 440

3 DB BEAMWIDTH IS  0.5044
PEAK IS  15.4674 DB AT BEARING  3.9991
SIDELOBES ARE 20.057 AND 18.133 DB DOWN

FAR FIELD:

 ANGLE   DBL     DBR

 4.000  15.467  15.467
 4.125  14.766  14.751
 4.250  12.507  12.518
 4.375   8.142   8.335
 4.500  -0.444   0.760
 4.625 -13.787 -22.172
 4.750  -3.055  -8.054
 4.875  -3.832 -10.142
 5.000 -10.438 -13.385
 5.125 -12.329  -6.163
 5.250  -8.624  -4.648
 5.375 -11.587  -7.755
 5.500 -27.338 -22.287
 5.625 -10.715 -12.006
 5.750  -7.860  -8.048
 5.875 -10.205  -9.878
 6.000 -23.284 -20.736
 6.125 -14.774 -16.074
 6.250 -10.096 -10.523
 6.375 -11.457 -11.197
 6.500 -21.181 -17.922
 6.625 -17.788 -24.622
 6.750 -11.686 -15.779
 6.875 -11.803 -16.497
 7.000 -16.775 -22.932
 7.125 -24.093 -17.168
 7.250 -19.051 -14.108
 7.375 -23.452 -17.051
 7.500 -21.245 -32.020
 7.625 -11.254 -13.060
 7.750  -7.752  -8.570
 7.875  -7.255  -7.648
 8.000  -9.242  -9.287
 8.125 -13.810 -13.425
 8.250 -18.354 -17.974
 8.375 -17.916 -17.712
 8.500 -19.978 -18.792
 8.625 -31.588 -25.185
 8.750 -25.914 -37.384
 8.875 -21.386 -26.873
 9.000 -23.609 -29.898


 74.5 ELAPSED SECONDS.




EXIT

-ST


----

14-AUG-72 26:42


FEED AMPLITUDES: 1 0 0
DIFFERENTIAL PHASES: 66 130 204 260 326 390 454

3 DB BEAMWIDTH IS  0.4958
PEAK IS  14.9838 DB AT BEARING  4.1209
SIDELOBES ARE 13.451 AND 16.403 DB DOWN

FAR FIELD:

 ANGLE   DBL     DBR

 4.125  14.983  14.983
 4.250  14.303  14.192
 4.375  12.083  11.741
 4.500   7.987   6.954
 4.625   1.628  -1.921
 4.750  -2.280  -1.921
 4.875  -1.422   1.416
 5.000  -3.118   0.619
 5.125  -5.436  -3.236
 5.250  -3.313  -9.820
 5.375  -1.701 -14.277
 5.500  -2.295  -9.022
 5.625  -4.534  -3.242
 5.750  -7.033   0.025
 5.875  -8.654   1.077
 6.000  -9.137   0.183
 6.125  -7.018  -2.526
 6.250  -4.587  -6.364
 6.375  -3.779  -8.614
 6.500  -4.905  -8.667
 6.625  -8.139  -7.847
 6.750 -13.852  -6.392
 6.875 -21.848  -5.818
 7.000 -25.079  -7.186
 7.125 -20.157 -10.691
 7.250 -16.740 -12.732
 7.375 -16.717 -11.279
 7.500 -20.790 -12.061
 7.625 -30.782 -14.120
 7.750 -33.662 -10.035
 7.875 -26.298  -6.430
 8.000 -13.736  -5.403
 8.125  -7.996  -6.703
 8.250  -5.275 -10.582
 8.375  -4.756 -18.144
 8.500  -6.333 -23.750
 8.625 -10.326 -22.974
 8.750 -15.900 -28.275
 8.875 -15.549 -21.945
 9.000 -14.953 -17.905
 9.125 -17.067 -17.966


 74.4 ELAPSED SECONDS.




EXIT

-ST


----

14-AUG-72 26:43


FEED AMPLITUDES: 1 0 0
DIFFERENTIAL PHASES: 68 134 210 268 336 402 468

3 DB BEAMWIDTH IS  0.4961
PEAK IS  15.0321 DB AT BEARING  4.2457
SIDELOBES ARE 13.635 AND 16.222 DB DOWN

FAR FIELD:

 ANGLE   DBL     DBR

 4.250  15.031  15.031
 4.375  14.354  14.240
 4.500  12.133  11.796
 4.625   8.028   7.038
 4.750   1.668  -1.782
 4.875  -2.072  -2.139
 5.000  -1.194   1.270
 5.125  -2.907   0.509
 5.250  -5.135  -3.317
 5.375  -2.931  -9.890
 5.500  -1.319 -14.547
 5.625  -1.908  -9.449
 5.750  -4.123  -3.657
 5.875  -6.566  -0.377
 6.000  -8.123   0.681
 6.125  -8.518  -0.212
 6.250  -6.306  -2.926
 6.375  -3.829  -6.805
 6.500  -2.978  -9.168
 6.625  -4.053  -9.299
 6.750  -7.225  -8.560
 6.875 -12.866  -7.169
 7.000 -20.733  -6.632
 7.125 -23.611  -8.029
 7.250 -18.424 -11.592
 7.375 -14.740 -13.861
 7.500 -14.302 -12.546
 7.625 -17.670 -13.418
 7.750 -26.102 -15.767
 7.875 -23.411 -12.083
 8.000 -26.811  -8.830
 8.125 -22.655  -8.393
 8.250 -12.038 -10.790
 8.375  -7.836 -16.871
 8.500  -6.590 -20.712
 8.625  -7.737 -17.259
 8.750 -11.454 -18.767
 8.875 -16.765 -25.505
 9.000 -16.139 -20.258
 9.125 -15.440 -16.560
 9.250 -17.445 -16.857


 73.5 ELAPSED SECONDS.




EXIT

-DEL PARF.REL

FILES DELETED:
PARF    REL

-
-
-
-
-
-LOG
1758.22 TRU
TERMINAL TIME: 0:48:24

   )N