

EXEC PARD
LOADING
EXECUTION

----

14-AUG-72 08:46


FEED AMPLITUDES: 0 1 0
DIFFERENTIAL PHASE: 191.250

3 DB BEAMWIDTH IS  0.5033
PEAK IS  15.5098 DB AT BEARING  2.1603
SIDELOBES ARE 20.548 AND 20.663 DB DOWN

FAR FIELD:

 ANGLE   DBL     DBR

 2.125  15.454  15.454
 2.250  14.330  15.146
 2.375  11.575  13.353
 2.500   6.508   9.719
 2.625  -3.738   3.054
 2.750 -11.378 -15.770
 2.875  -5.151  -6.447
 3.000  -9.213  -5.796
 3.125 -24.593 -15.118
 3.250  -8.555 -12.883
 3.375  -7.320  -7.063
 3.500 -12.601  -8.429
 3.625 -22.365 -19.582
 3.750  -9.861 -13.710
 3.875  -8.432  -8.282
 4.000 -12.431  -9.063
 4.125 -47.988 -16.717
 4.250 -13.387 -19.199
 4.375 -10.786 -11.075
 4.500 -13.604 -10.810
 4.625 -28.408 -16.331
 4.750 -18.402 -28.603
 4.875 -14.752 -15.211
 5.000 -17.630 -14.375
 5.125 -37.232 -20.228
 5.250 -21.106 -28.542
 5.375 -19.254 -18.085
 5.500 -28.377 -19.321
 5.625 -22.290 -44.347
 5.750 -15.980 -16.186
 5.875 -16.661 -11.834
 6.000 -28.981 -12.001
 6.125 -16.591 -17.139
 6.250 -10.445 -27.649
 6.375  -8.820 -14.855
 6.500 -10.205 -12.325
 6.625 -15.309 -13.892
 6.750 -34.420 -20.502
 6.875 -21.880 -34.616
 7.000 -20.640 -21.888
 7.125 -29.842 -23.191


126.6 ELAPSED SECONDS.




EXIT

-ST


----

14-AUG-72 08:48


FEED AMPLITUDES: 0 1 0
DIFFERENTIAL PHASE: 196.875

3 DB BEAMWIDTH IS  0.5034
PEAK IS  15.5106 DB AT BEARING  2.2226
SIDELOBES ARE 20.641 AND 20.568 DB DOWN

FAR FIELD:

 ANGLE   DBL     DBR

 2.250  15.477  15.477
 2.375  15.079  14.446
 2.500  13.185  11.807
 2.625   9.411   6.927
 2.750   2.458  -2.741
 2.875 -19.707 -12.713
 3.000  -6.132  -5.143
 3.125  -6.052  -8.627
 3.250 -16.636 -29.875
 3.375 -12.102  -8.856
 3.500  -7.011  -7.173
 3.625  -8.799 -11.841
 3.750 -21.823 -25.386
 3.875 -12.986 -10.153
 4.000  -8.231  -8.284
 4.125  -9.417 -11.755
 4.250 -18.138 -35.363
 4.375 -17.905 -13.851
 4.500 -10.958 -10.656
 4.625 -11.161 -12.943
 4.750 -17.511 -24.947
 4.875 -25.519 -19.141
 5.000 -15.049 -14.552
 5.125 -14.867 -16.706
 5.250 -21.880 -30.856
 5.375 -26.220 -21.548
 5.500 -18.261 -18.499
 5.625 -20.664 -25.197
 5.750 -32.991 -23.155
 5.875 -16.270 -14.915
 6.000 -13.142 -13.703
 6.125 -15.099 -17.960
 6.250 -28.270 -27.745
 6.375 -16.599 -14.243
 6.500 -11.174 -10.894
 6.625 -10.404 -11.288
 6.750 -13.082 -15.303
 6.875 -21.467 -28.226
 7.000 -28.151 -24.275
 7.125 -20.574 -21.137
 7.250 -23.582 -27.232


132.8 ELAPSED SECONDS.




EXIT

-ST


----

14-AUG-72 08:50


FEED AMPLITUDES: 0 1 0
DIFFERENTIAL PHASE: 202.500

3 DB BEAMWIDTH IS  0.5034
PEAK IS  15.5042 DB AT BEARING  2.2848
SIDELOBES ARE 20.735 AND 20.476 DB DOWN

FAR FIELD:

 ANGLE   DBL     DBR

 2.250  15.450  15.450
 2.375  14.330  15.136
 2.500  11.574  13.342
 2.625   6.486   9.716
 2.750  -3.891   3.096
 2.875 -10.922 -15.063
 3.000  -4.972  -6.724
 3.125  -9.148  -5.944
 3.250 -23.439 -14.998
 3.375  -8.201 -13.390
 3.500  -7.033  -7.397
 3.625 -12.421  -8.693
 3.750 -21.431 -19.489
 3.875  -9.359 -14.339
 4.000  -7.976  -8.776
 4.125 -12.035  -9.508
 4.250 -41.403 -16.992
 4.375 -12.660 -20.162
 4.500 -10.101 -11.796
 4.625 -12.942 -11.496
 4.750 -28.268 -16.933
 4.875 -17.344 -30.349
 5.000 -13.725 -16.267
 5.125 -16.586 -15.418
 5.250 -37.289 -21.216
 5.375 -19.509 -30.536
 5.500 -17.548 -19.736
 5.625 -26.676 -21.079
 5.750 -19.448 -52.699
 5.875 -12.362 -19.282
 6.000 -11.039 -16.004
 6.125 -13.996 -19.200
 6.250 -27.931 -28.203
 6.375 -16.965 -13.997
 6.500 -12.309  -9.906
 6.625 -12.554  -9.357
 6.750 -17.099 -11.779
 6.875 -36.777 -18.761
 7.000 -22.731 -34.609
 7.125 -21.427 -21.097
 7.250 -30.796 -22.405


106.6 ELAPSED SECONDS.




EXIT

-ST


----

14-AUG-72 08:52


FEED AMPLITUDES: 0 1 0
DIFFERENTIAL PHASE: 208.125

3 DB BEAMWIDTH IS  0.5034
PEAK IS  15.4905 DB AT BEARING  2.3471
SIDELOBES ARE 20.830 AND 20.383 DB DOWN

FAR FIELD:

 ANGLE   DBL     DBR

 2.375  15.455  15.455
 2.500  15.063  14.420
 2.625  13.171  11.783
 2.750   9.389   6.923
 2.875   2.387  -2.629
 3.000 -20.962 -13.318
 3.125  -5.904  -5.359
 3.250  -5.936  -8.725
 3.375 -16.840 -32.367
 3.500 -11.674  -9.258
 3.625  -6.714  -7.493
 3.750  -8.565 -12.053
 3.875 -22.053 -26.780
 4.000 -12.438 -10.708
 4.125  -7.779  -8.778
 4.250  -9.004 -12.182
 4.375 -17.910 -33.819
 4.500 -17.094 -14.654
 4.625 -10.292 -11.390
 4.750 -10.516 -13.644
 4.875 -16.948 -25.286
 5.000 -24.251 -20.325
 5.125 -14.075 -15.652
 5.250 -13.887 -17.815
 5.375 -20.960 -31.472
 5.500 -24.603 -23.320
 5.625 -16.744 -20.351
 5.750 -19.045 -27.141
 5.875 -30.069 -26.439
 6.000 -13.530 -19.126
 6.125  -9.552 -20.925
 6.250  -9.493 -29.042
 6.375 -13.297 -14.109
 6.500 -27.950  -9.309
 6.625 -17.707  -7.947
 6.750 -13.910  -9.210
 6.875 -15.460 -13.669
 7.000 -23.371 -26.463
 7.125 -29.047 -23.648
 7.250 -21.512 -20.452
 7.375 -24.456 -26.415


181.7 ELAPSED SECONDS.




EXIT

-ST


----

14-AUG-72 08:55


FEED AMPLITUDES: 0.244 0.847 0
DIFFERENTIAL PHASE: 213.750

3 DB BEAMWIDTH IS  0.5037
PEAK IS  15.4666 DB AT BEARING  2.4175
SIDELOBES ARE 18.121 AND 20.844 DB DOWN

FAR FIELD:

 ANGLE   DBL     DBR

 2.375  15.385  15.385
 2.500  14.179  15.159
 2.625  11.332  13.457
 2.750   6.135   9.936
 2.875  -4.467   3.461
 3.000 -10.982 -13.992
 3.125  -5.383  -6.473
 3.250  -9.764  -5.450
 3.375 -23.136 -14.130
 3.500  -8.702 -13.025
 3.625  -7.691  -6.723
 3.750 -13.281  -7.812
 3.875 -21.661 -18.126
 4.000 -10.088 -13.531
 4.125  -8.851  -7.661
 4.250 -13.078  -8.165
 4.375 -38.867 -15.289
 4.500 -13.607 -18.948
 4.625 -11.218 -10.087
 4.750 -14.224  -9.488
 4.875 -30.284 -14.547
 5.000 -18.562 -28.879
 5.125 -15.174 -13.613
 5.250 -18.252 -12.294
 5.375 -40.579 -17.497
 5.500 -21.250 -27.214
 5.625 -19.630 -15.181
 5.750 -29.398 -15.540
 5.875 -21.931 -82.129
 6.000 -15.605 -11.341
 6.125 -15.503  -5.327
 6.250 -20.907  -2.977
 6.375 -18.153  -2.823
 6.500 -12.092  -4.518
 6.625 -10.335  -8.103
 6.750 -11.688 -13.828
 6.875 -16.884 -21.498
 7.000 -38.045 -29.745
 7.125 -22.898 -45.467
 7.250 -21.942 -28.962
 7.375 -31.830 -28.744


169.3 ELAPSED SECONDS.




EXIT

-ST


----

14-AUG-72 08:58


FEED AMPLITUDES: 0.244 0.847 0
DIFFERENTIAL PHASE: 219.375

3 DB BEAMWIDTH IS  0.5037
PEAK IS  15.4845 DB AT BEARING  2.4799
SIDELOBES ARE 19.163 AND 20.754 DB DOWN

FAR FIELD:

 ANGLE   DBL     DBR

 2.500  15.466  15.466
 2.625  14.987  14.521
 2.750  13.007  11.982
 2.875   9.126   7.242
 3.000   1.986  -2.094
 3.125 -22.877 -13.422
 3.250  -6.181  -4.933
 3.375  -6.410  -8.065
 3.500 -17.742 -34.785
 3.625 -12.015  -8.653
 3.750  -7.272  -6.668
 3.875  -9.277 -10.978
 4.000 -23.361 -26.864
 4.125 -13.024  -9.656
 4.250  -8.557  -7.482
 4.375  -9.922 -10.626
 4.500 -19.130 -30.490
 4.625 -17.841 -13.030
 4.750 -11.299  -9.429
 4.875 -11.673 -11.354
 5.000 -18.332 -22.324
 5.125 -25.104 -17.804
 5.250 -15.376 -12.585
 5.375 -15.382 -14.213
 5.500 -22.754 -26.766
 5.625 -25.987 -18.891
 5.750 -18.563 -14.907
 5.875 -21.214 -20.294
 6.000 -31.621 -18.699
 6.125 -16.110  -8.492
 6.250 -12.822  -4.725
 6.375 -13.973  -3.679
 6.500 -20.220  -4.646
 6.625 -18.184  -7.523
 6.750 -12.845 -12.439
 6.875 -11.953 -18.965
 7.000 -14.624 -24.757
 7.125 -23.274 -35.399
 7.250 -28.727 -31.686
 7.375 -21.763 -26.892
 7.500 -25.062 -31.567


212.9 ELAPSED SECONDS.




EXIT

-ST


----

14-AUG-72 09:02


FEED AMPLITUDES: 0.244 0.847 0
DIFFERENTIAL PHASE: 225.000

3 DB BEAMWIDTH IS  0.5038
PEAK IS  15.4956 DB AT BEARING  2.5422
SIDELOBES ARE 20.277 AND 20.667 DB DOWN

FAR FIELD:

 ANGLE   DBL     DBR

 2.500  15.415  15.415
 2.625  14.212  15.186
 2.750  11.361  13.484
 2.875   6.141   9.974
 3.000  -4.607   3.545
 3.125 -10.527 -13.355
 3.250  -5.181  -6.711
 3.375  -9.683  -5.550
 3.500 -22.118 -13.978
 3.625  -8.330 -13.493
 3.750  -7.386  -6.996
 3.875 -13.090  -8.009
 4.000 -20.772 -17.998
 4.125  -9.573 -14.096
 4.250  -8.381  -8.068
 4.375 -12.673  -8.513
 4.500 -35.790 -15.469
 4.625 -12.874 -19.833
 4.750 -10.525 -10.677
 4.875 -13.559 -10.021
 5.000 -30.266 -14.979
 5.125 -17.509 -30.675
 5.250 -14.153 -14.440
 5.375 -17.221 -13.059
 5.500 -41.250 -18.154
 5.625 -19.687 -28.917
 5.750 -17.975 -16.307
 5.875 -27.820 -16.605
 6.000 -19.244 -47.181
 6.125 -12.291 -13.010
 6.250 -10.760  -7.086
 6.375 -12.898  -4.957
 6.500 -19.904  -5.136
 6.625 -18.575  -7.310
 6.750 -14.009 -11.487
 6.875 -14.145 -17.085
 7.000 -18.740 -21.340
 7.125 -40.781 -26.666
 7.250 -23.782 -44.429
 7.375 -22.746 -27.048
 7.500 -32.829 -27.123


139.2 ELAPSED SECONDS.




EXIT

-ST


----

14-AUG-72 09:04


FEED AMPLITUDES: 0.244 0.847 0
DIFFERENTIAL PHASE: 230.625

3 DB BEAMWIDTH IS  0.5038
PEAK IS  15.5000 DB AT BEARING  2.6046
SIDELOBES ARE 20.550 AND 20.578 DB DOWN

FAR FIELD:

 ANGLE   DBL     DBR

 2.625  15.481  15.481
 2.750  15.005  14.534
 2.875  13.024  11.999
 3.000   9.133   7.281
 3.125   1.939  -1.942
 3.250 -24.705 -14.049
 3.375  -5.932  -5.101
 3.500  -6.272  -8.112
 3.625 -17.969 -39.755
 3.750 -11.573  -8.997
 3.875  -6.955  -6.920
 4.000  -9.026 -11.121
 4.125 -23.665 -28.490
 4.250 -12.465 -10.127
 4.375  -8.090  -7.879
 4.500  -9.496 -10.947
 4.625 -18.911 -29.512
 4.750 -17.032 -13.707
 4.875 -10.625 -10.011
 5.000 -11.021 -11.882
 5.125 -17.772 -22.509
 5.250 -23.875 -18.772
 5.375 -14.404 -13.408
 5.500 -14.407 -14.986
 5.625 -21.856 -27.063
 5.750 -24.413 -20.149
 5.875 -17.078 -16.065
 6.000 -19.649 -21.296
 6.125 -28.910 -20.585
 6.250 -13.518 -10.295
 6.375  -9.535  -6.728
 6.500  -9.245  -6.009
 6.625 -12.223  -7.453
 6.750 -19.947 -10.925
 6.875 -19.341 -15.718
 7.000 -15.643 -18.840
 7.125 -17.111 -21.778
 7.250 -25.253 -32.195
 7.375 -29.698 -29.956
 7.500 -22.729 -25.373
 7.625 -25.957 -30.128


137.2 ELAPSED SECONDS.




EXIT

-ST


----

14-AUG-72 09:07


FEED AMPLITUDES: 0.244 0.847 0
DIFFERENTIAL PHASE: 236.250

3 DB BEAMWIDTH IS  0.5039
PEAK IS  15.4977 DB AT BEARING  2.6670
SIDELOBES ARE 20.636 AND 20.493 DB DOWN

FAR FIELD:

 ANGLE   DBL     DBR

 2.625  15.419  15.419
 2.750  14.217  15.187
 2.875  11.362  13.485
 3.000   6.117   9.985
 3.125  -4.785   3.601
 3.250 -10.113 -12.790
 3.375  -5.011  -6.983
 3.500  -9.637  -5.679
 3.625 -21.191 -13.866
 3.750  -7.992 -14.004
 3.875  -7.116  -7.301
 4.000 -12.941  -8.238
 4.125 -19.945 -17.921
 4.250  -9.098 -14.704
 4.375  -7.954  -8.513
 4.500 -12.316  -8.900
 4.625 -33.321 -15.694
 4.750 -12.196 -20.785
 4.875  -9.893 -11.314
 5.000 -12.960 -10.605
 5.125 -30.406 -15.467
 5.250 -16.544 -32.715
 5.375 -13.230 -15.335
 5.500 -16.308 -13.898
 5.625 -42.623 -18.897
 5.750 -18.304 -30.800
 5.875 -16.552 -17.550
 6.000 -26.583 -17.806
 6.125 -17.029 -42.688
 6.250  -9.742 -14.893
 6.375  -7.493  -9.120
 6.500  -8.183  -7.307
 6.625 -11.919  -7.960
 6.750 -20.349 -10.727
 6.875 -20.519 -14.785
 7.000 -17.857 -16.987
 7.125 -21.279 -18.414
 7.250 -44.217 -23.788
 7.375 -24.969 -44.428
 7.500 -23.777 -25.630
 7.625 -34.027 -25.864


151.8 ELAPSED SECONDS.




EXIT

-ST


----

14-AUG-72 09:09


FEED AMPLITUDES: 0.400 0.725 0
DIFFERENTIAL PHASE: 241.875

3 DB BEAMWIDTH IS  0.5040
PEAK IS  15.4411 DB AT BEARING  2.7351
SIDELOBES ARE 16.949 AND 20.803 DB DOWN

FAR FIELD:

 ANGLE   DBL     DBR

 2.750  15.431  15.431
 2.875  14.893  14.547
 3.000  12.849  12.082
 3.125   8.883   7.451
 3.250   1.569  -1.594
 3.375 -27.479 -14.450
 3.500  -6.132  -4.931
 3.625  -6.648  -7.747
 3.750 -18.801 -51.089
 3.875 -11.779  -8.776
 4.000  -7.351  -6.523
 4.125  -9.557 -10.530
 4.250 -24.879 -29.532
 4.375 -12.835  -9.682
 4.500  -8.627  -7.256
 4.625 -10.156 -10.143
 4.750 -19.873 -27.493
 4.875 -17.489 -13.029
 5.000 -11.309  -9.101
 5.125 -11.833 -10.773
 5.250 -18.796 -20.923
 5.375 -24.371 -17.783
 5.500 -15.283 -12.071
 5.625 -15.447 -13.380
 5.750 -23.171 -24.770
 5.875 -25.284 -18.497
 6.000 -18.309 -13.964
 6.125 -21.162 -18.637
 6.250 -29.808 -18.319
 6.375 -15.180  -7.290
 6.500 -11.601  -3.092
 6.625 -11.874  -1.579
 6.750 -15.561  -1.952
 6.875 -18.760  -4.014
 7.000 -14.906  -7.848
 7.125 -13.713 -13.761
 7.250 -16.224 -22.294
 7.375 -25.053 -36.257
 7.500 -29.246 -35.483
 7.625 -22.778 -29.880
 7.750 -26.327 -33.555


117.5 ELAPSED SECONDS.




EXIT

-ST


----

14-AUG-72 09:11


FEED AMPLITUDES: 0.400 0.725 0
DIFFERENTIAL PHASE: 247.500

3 DB BEAMWIDTH IS  0.5041
PEAK IS  15.4574 DB AT BEARING  2.7975
SIDELOBES ARE 17.863 AND 20.718 DB DOWN

FAR FIELD:

 ANGLE   DBL     DBR

 2.750  15.356  15.356
 2.875  14.092  15.186
 3.000  11.169  13.550
 3.125   5.835  10.127
 3.250  -5.291   3.857
 3.375 -10.093 -11.995
 3.500  -5.289  -6.920
 3.625 -10.108  -5.396
 3.750 -20.891 -13.273
 3.875  -8.299 -13.958
 4.000  -7.557  -6.957
 4.125 -13.577  -7.732
 4.250 -19.992 -17.033
 4.375  -9.551 -14.402
 4.500  -8.531  -7.939
 4.625 -13.045  -8.161
 4.750 -32.376 -14.685
 4.875 -12.780 -20.406
 5.000 -10.618 -10.461
 5.125 -13.826  -9.553
 5.250 -32.227 -14.165
 5.375 -17.287 -33.046
 5.500 -14.159 -14.074
 5.625 -17.410 -12.358
 5.750 -47.222 -17.015
 5.875 -19.357 -29.865
 6.000 -17.845 -15.534
 6.125 -28.449 -15.340
 6.250 -18.376 -36.473
 6.375 -11.446 -11.972
 6.500  -9.577  -5.515
 6.625 -10.825  -2.897
 6.750 -15.269  -2.475
 6.875 -19.174  -3.833
 7.000 -16.098  -6.933
 7.125 -15.948 -11.934
 7.250 -20.444 -18.981
 7.375 -45.868 -28.152
 7.500 -24.722 -52.340
 7.625 -23.891 -30.242
 7.750 -34.720 -29.466


121.7 ELAPSED SECONDS.




EXIT

-ST


----

14-AUG-72 09:13


FEED AMPLITUDES: 0.400 0.725 0
DIFFERENTIAL PHASE: 253.125

3 DB BEAMWIDTH IS  0.5040
PEAK IS  15.4672 DB AT BEARING  2.8599
SIDELOBES ARE 18.829 AND 20.632 DB DOWN

FAR FIELD:

 ANGLE   DBL     DBR

 2.875  15.457  15.457
 3.000  14.921  14.572
 3.125  12.875  12.112
 3.250   8.896   7.504
 3.375   1.524  -1.434
 3.500 -30.896 -15.156
 3.625  -5.883  -5.087
 3.750  -6.509  -7.781
 3.875 -19.084 -45.992
 4.000 -11.342  -9.107
 4.125  -7.034  -6.756
 4.250  -9.309 -10.654
 4.375 -25.312 -31.728
 4.500 -12.283 -10.132
 4.625  -8.164  -7.624
 4.750  -9.735 -10.433
 4.875 -19.685 -26.825
 5.000 -16.700 -13.677
 5.125 -10.645  -9.641
 5.250 -11.195 -11.252
 5.375 -18.262 -21.092
 5.500 -23.198 -18.710
 5.625 -14.338 -12.824
 5.750 -14.505 -14.070
 5.875 -22.328 -25.043
 6.000 -23.786 -19.658
 6.125 -16.898 -14.986
 6.250 -19.704 -19.486
 6.375 -27.340 -20.035
 6.500 -12.829  -8.816
 6.625  -8.743  -4.718
 6.750  -8.094  -3.384
 6.875 -10.175  -4.009
 7.000 -15.334  -6.404
 7.125 -19.965 -10.610
 7.250 -17.765 -16.551
 7.375 -18.975 -23.458
 7.500 -27.214 -34.353
 7.625 -30.363 -33.554
 7.750 -23.829 -27.917
 7.875 -27.289 -31.740


110.8 ELAPSED SECONDS.




EXIT

-ST


----

14-AUG-72 09:15


FEED AMPLITUDES: 0.400 0.725 0
DIFFERENTIAL PHASE: 258.750

3 DB BEAMWIDTH IS  0.5041
PEAK IS  15.4705 DB AT BEARING  2.9223
SIDELOBES ARE 19.853 AND 20.549 DB DOWN

FAR FIELD:

 ANGLE   DBL     DBR

 2.875  15.370  15.370
 3.000  14.106  15.199
 3.125  11.178  13.564
 3.250   5.816  10.152
 3.375  -5.480   3.927
 3.500  -9.693 -11.487
 3.625  -5.116  -7.187
 3.750 -10.066  -5.510
 3.875 -20.054 -13.160
 4.000  -7.960 -14.474
 4.125  -7.287  -7.244
 4.250 -13.436  -7.940
 4.375 -19.208 -16.960
 4.500  -9.079 -15.003
 4.625  -8.107  -8.356
 4.750 -12.697  -8.515
 4.875 -30.510 -14.884
 5.000 -12.112 -21.379
 5.125  -9.996 -11.058
 5.250 -13.243 -10.088
 5.375 -32.615 -14.602
 5.500 -16.347 -35.658
 5.625 -13.262 -14.903
 5.750 -16.532 -13.115
 5.875 -52.157 -17.667
 6.000 -18.032 -31.864
 6.125 -16.497 -16.643
 6.250 -27.373 -16.373
 6.375 -16.318 -35.226
 6.500  -9.136 -13.585
 6.625  -6.739  -7.173
 6.750  -7.059  -4.723
 6.875  -9.895  -4.549
 7.000 -15.760  -6.239
 7.125 -21.171  -9.713
 7.250 -20.022 -14.750
 7.375 -23.248 -20.196
 7.500 -50.527 -26.531
 7.625 -26.032 -54.105
 7.750 -25.007 -28.386
 7.875 -36.029 -27.820


151.3 ELAPSED SECONDS.




EXIT

-ST


----

14-AUG-72 09:18


FEED AMPLITUDES: 0.400 0.725 0
DIFFERENTIAL PHASE: 264.375

3 DB BEAMWIDTH IS  0.5041
PEAK IS  15.4673 DB AT BEARING  2.9847
SIDELOBES ARE 20.628 AND 20.738 DB DOWN

FAR FIELD:

 ANGLE   DBL     DBR

 3.000  15.457  15.457
 3.125  14.922  14.571
 3.250  12.875  12.116
 3.375   8.882   7.530
 3.500   1.449  -1.304
 3.625 -36.876 -15.949
 3.750  -5.663  -5.273
 3.875  -6.401  -7.844
 4.000 -19.433 -38.043
 4.125 -10.940  -9.471
 4.250  -6.750  -7.019
 4.375  -9.096 -10.811
 4.500 -25.864 -34.513
 4.625 -11.770 -10.619
 4.750  -7.739  -8.027
 4.875  -9.357 -10.761
 5.000 -19.556 -26.313
 5.125 -15.963 -14.373
 5.250 -10.034 -10.225
 5.375 -10.614 -11.778
 5.500 -17.795 -21.329
 5.625 -22.109 -19.705
 5.750 -13.473 -13.641
 5.875 -13.655 -14.830
 6.000 -21.599 -25.423
 6.125 -22.426 -20.919
 6.250 -15.647 -16.111
 6.375 -18.452 -20.464
 6.500 -25.177 -21.924
 6.625 -10.855 -10.523
 6.750  -6.459  -6.568
 6.875  -5.271  -5.476
 7.000  -6.421  -6.432
 7.125  -9.971  -9.202
 7.250 -16.564 -13.447
 7.375 -22.856 -17.800
 7.500 -23.080 -21.929
 7.625 -30.155 -31.608
 7.750 -31.977 -31.923
 7.875 -25.216 -26.372
 8.000 -28.502 -30.280


111.1 ELAPSED SECONDS.




EXIT

-ST


----

14-AUG-72 09:20


FEED AMPLITUDES: 0.400 0.725 0
DIFFERENTIAL PHASE: 270.000

3 DB BEAMWIDTH IS  0.5042
PEAK IS  15.4576 DB AT BEARING  3.0471
SIDELOBES ARE 20.712 AND 19.537 DB DOWN

FAR FIELD:

 ANGLE   DBL     DBR

 3.000  15.358  15.358
 3.125  14.094  15.185
 3.250  11.159  13.551
 3.375   5.769  10.150
 3.500  -5.707   3.970
 3.625  -9.331 -11.037
 3.750  -4.973  -7.488
 3.875 -10.059  -5.654
 4.000 -19.285 -13.084
 4.125  -7.654 -15.036
 4.250  -7.050  -7.563
 4.375 -13.335  -8.179
 4.500477 -16.932
 4.625  -8.645 -15.650
 4.750  -7.723  -8.810
 4.875 -12.392  -8.907
 5.000 -28.865 -15.126
 5.125 -11.493 -22.430
 5.250  -9.425 -11.701
 5.375 -12.718 -10.671
 5.500 -33.236 -15.092
 5.625 -15.479 -38.932
 5.750 -12.446 -15.799
 5.875 -15.747 -13.940
 6.000-137.894 -18.399
 6.125 -16.838 -34.121
 6.250 -15.308 -17.857
 6.375 -26.535 -17.529
 6.500 -14.532 -34.680
 6.625  -7.203 -15.384
 6.750  -4.473  -9.056
 6.875  -4.250  -6.836
 7.000  -6.152  -6.989
 7.125 -10.409  -9.054
 7.250 -17.784 -12.569
 7.375 -25.134 -16.024
 7.500 -27.407 -18.718
 7.625 -57.221 -24.051
 7.750 -27.830 -60.081
 7.875 -26.459 -26.951
 8.000 -37.613 -26.524


124.8 ELAPSED SECONDS.




EXIT

-ST


----

14-AUG-72 09:22


FEED AMPLITUDES: 0.570 0.570 0
DIFFERENTIAL PHASE: 275.625

3 DB BEAMWIDTH IS  0.5042
PEAK IS  15.4371 DB AT BEARING  3.1164
SIDELOBES ARE 16.767 AND 20.780 DB DOWN

FAR FIELD:

 ANGLE   DBL     DBR

 3.125  15.434  15.434
 3.250  14.824  14.624
 3.375  12.699  12.250
 3.500   8.616   7.764
 3.625   1.042  -0.890
 3.750 -74.861 -16.448
 3.875  -5.931  -5.015
 4.000  -6.859  -7.380
 4.125 -20.468 -33.478
 4.250 -11.268  -9.139
 4.375  -7.280  -6.494
 4.500  -9.785 -10.087
 4.625 -27.512 -37.336
 4.750 -12.345 -10.031
 4.875  -8.498  -7.247
 5.000 -10.266  -9.795
 5.125 -20.837 -24.482
 5.250 -16.741 -13.540
 5.375 -11.057  -9.143
 5.500 -11.801 -10.495
 5.625 -19.248 -19.618
 5.750 -23.106 -18.582
 5.875 -14.859 -12.141
 6.000 -15.257 -13.067
 6.125 -23.559 -23.075
 6.250 -24.022 -19.172
 6.375 -17.662 -13.916
 6.500 -20.858 -17.771
 6.625 -27.196 -19.738
 6.750 -13.679  -7.603
 6.875  -9.868  -3.136
 7.000  -9.464  -1.451
 7.125 -11.709  -1.672
 7.250 -15.811  -3.579
 7.375 -16.683  -7.241
 7.500 -15.850 -12.980
 7.625 -18.195 -21.436
 7.750 -27.331 -35.005
 7.875 -29.678 -37.174
 8.000 -23.847 -30.497
 8.125 -27.771 -33.230


121.3 ELAPSED SECONDS.




EXIT

-ST


----

14-AUG-72 09:24


FEED AMPLITUDES: 0.570 0.570 0
DIFFERENTIAL PHASE: 281.250

3 DB BEAMWIDTH IS  0.5043
PEAK IS  15.4524 DB AT BEARING  3.1788
SIDELOBES ARE 17.666 AND 20.697 DB DOWN

FAR FIELD:

 ANGLE   DBL     DBR

 3.125  15.322  15.322
 3.250  13.983  15.224
 3.375  10.965  13.669
 3.500   5.469  10.357
 3.625  -6.273   4.298
 3.750  -9.384 -10.247
 3.875  -5.316  -7.350
 4.000 -10.620  -5.270
 4.125 -19.194 -12.402
 4.250  -8.076 -14.913
 4.375  -7.626  -7.093
 4.500 -14.140  -7.537
 4.625 -18.754 -15.938
 4.750  -9.296 -15.231
 4.875  -8.522  -8.081
 5.000 -13.377  -8.005
 5.125 -28.751 -13.962
 5.250 -12.386 -21.989
 5.375 -10.489 -10.680
 5.500 -13.962  -9.444
 5.625 -36.001 -13.619
 5.750 -16.686 -41.219
 5.875 -13.880 -14.381
 6.000 -17.414 -12.243
 6.125 -52.871 -16.379
 6.250 -18.593 -33.589
 6.375 -17.386 -15.753
 6.500 -29.393 -15.008
 6.625 -16.897 -30.377
 6.750 -10.066 -12.559
 6.875  -7.901  -5.658
 7.000  -8.455  -2.832
 7.125 -11.451  -2.246
 7.250 -16.260  -3.447
 7.375 -17.917  -6.383
 7.500 -18.150 -11.231
 7.625 -22.577 -18.275
 7.750 -61.754 -27.696
 7.875 -25.705 -70.483
 8.000 -25.154 -31.191
 8.125 -37.285 -29.633


158.1 ELAPSED SECONDS.




EXIT

-ST


----

14-AUG-72 09:26


FEED AMPLITUDES: 0.570 0.570 0
DIFFERENTIAL PHASE: 286.875

3 DB BEAMWIDTH IS  0.5043
PEAK IS  15.4614 DB AT BEARING  3.2413
SIDELOBES ARE 18.617 AND 20.613 DB DOWN

FAR FIELD:

 ANGLE   DBL     DBR

 3.250  15.458  15.458
 3.375  14.849  14.648
 3.500  12.721  12.280
 3.625   8.623   7.816
 3.750   0.983  -0.738
 3.875 -36.840 -17.373
 4.000  -5.693  -5.178
 4.125  -6.733  -7.420
 4.250 -20.883 -30.835
 4.375 -10.849  -9.482
 4.500  -6.974  -6.728
 4.625  -9.552 -10.216
 4.750 -28.279 -43.579
 4.875 -11.812 -10.490
 5.000  -8.050  -7.615
 5.125  -9.864 -10.086
 5.250 -20.715 -24.096
 5.375 -15.986 -14.205
 5.500 -10.417  -9.682
 5.625 -11.190 -10.970
 5.750 -18.761 -19.828
 5.875 -22.008 -19.545
 6.000 -13.957 -12.892
 6.125 -14.367 -13.751
 6.250 -22.801 -23.419
 6.375 -22.626 -20.358
 6.500 -16.351 -14.929
 6.625 -19.540 -18.628
 6.750 -25.006 -21.530
 6.875 -11.596  -9.110
 7.000  -7.440  -4.729
 7.125  -6.464  -3.212
 7.250  -7.842  -3.673
 7.375 -11.551  -5.906
 7.500 -17.090  -9.971
 7.625 -19.635 -15.947
 7.750 -21.271 -23.273
 7.875 -29.774 -33.583
 8.000 -31.018 -35.230
 8.125 -25.040 -28.387
 8.250 -28.847 -31.316


118.0 ELAPSED SECONDS.




EXIT

-ST


----

14-AUG-72 09:28


FEED AMPLITUDES: 0.570 0.570 0
DIFFERENTIAL PHASE: 292.500

3 DB BEAMWIDTH IS  0.5044
PEAK IS  15.4639 DB AT BEARING  3.3037
SIDELOBES ARE 19.627 AND 20.531 DB DOWN

FAR FIELD:

 ANGLE   DBL     DBR

 3.250  15.334  15.334
 3.375  13.994  15.235
 3.500  10.969  13.682
 3.625   5.442  10.381
 3.750  -6.500   4.366
 3.875  -9.016  -9.820
 4.000  -5.153  -7.639
 4.125 -10.601  -5.389
 4.250 -18.464 -12.312
 4.375  -7.749 -15.481
 4.500  -7.368  -7.385
 4.625 -14.028  -7.746
 4.750 -18.030 -15.900
 4.875  -8.839 -15.871
 5.000  -8.114  -8.501
 5.125 -13.053  -8.359
 5.250 -27.322 -14.172
 5.375 -11.741 -23.087
 5.500  -9.890 -11.281
 5.625 -13.409  -9.976
 5.750 -37.152 -14.057
 5.875 -15.786 -48.599
 6.000 -13.026 -15.216
 6.125 -16.591 -12.994
 6.250 -45.818 -17.029
 6.375 -17.349 -36.307
 6.500 -16.139 -16.860
 6.625 -28.571 -16.030
 6.750 -15.029 -30.258
 6.875  -8.022 -14.168
 7.000  -5.492  -7.287
 7.125  -5.468  -4.615
 7.250  -7.595  -4.265
 7.375 -12.011  -5.792
 7.500 -18.338  -9.132
 7.625 -21.957 -14.224
 7.750 -25.709 -20.161
 7.875 -71.926 -26.508
 8.000 -27.211 -56.212
 8.125 -26.412 -29.200
 8.250 -38.797 -27.873


100.6 ELAPSED SECONDS.




EXIT

-ST


----

14-AUG-72 09:30


FEED AMPLITUDES: 0.570 0.570 0
DIFFERENTIAL PHASE: 298.125

3 DB BEAMWIDTH IS  0.5043
PEAK IS  15.4599 DB AT BEARING  3.3662
SIDELOBES ARE 20.701 AND 19.518 DB DOWN

FAR FIELD:

 ANGLE   DBL     DBR

 3.375  15.456  15.456
 3.500  14.848  14.647
 3.625  12.717  12.284
 3.750   8.603   7.842
 3.875   0.894  -0.615
 4.000 -30.780 -18.433
 4.125  -5.486  -5.372
 4.250  -6.637  -7.488
 4.375 -21.384 -28.899
 4.500 -10.464  -9.859
 4.625  -6.700  -6.994
 4.750  -9.354 -10.377
 4.875 -29.254 -86.200
 5.000 -11.317 -10.987
 5.125  -7.639  -8.019
 5.250  -9.503 -10.414
 5.375 -20.655 -23.812
 5.500 -15.281 -14.918
 5.625  -9.826 -10.265
 5.750 -10.633 -11.493
 5.875 -18.339 -20.102
 6.000 -20.987 -20.580
 6.125 -13.129 -13.705
 6.250 -13.560 -14.503
 6.375 -22.149 -23.860
 6.500 -21.350 -21.643
 6.625 -15.178 -16.044
 6.750 -18.396 -19.610
 6.875 -23.059 -23.504
 7.000  -9.805 -10.793
 7.125  -5.421  -6.539
 7.250  -4.070  -5.250
 7.375  -4.867  -6.035
 7.500  -7.706  -8.673
 7.625 -12.853 -12.986
 7.750 -20.073 -17.867
 7.875 -25.110 -22.171
 8.000 -33.060 -30.801
 8.125 -32.928 -33.522
 8.250 -26.618 -26.729
 8.375 -30.207 -29.788


146.7 ELAPSED SECONDS.




EXIT

-ST


----

14-AUG-72 09:32


FEED AMPLITUDES: 0.570 0.570 0
DIFFERENTIAL PHASE: 303.750

3 DB BEAMWIDTH IS  0.5044
PEAK IS  15.4496 DB AT BEARING  3.4286
SIDELOBES ARE 20.712 AND 18.446 DB DOWN

FAR FIELD:

 ANGLE   DBL     DBR

 3.375  15.320  15.320
 3.500  13.980  15.221
 3.625  10.946  13.670
 3.750   5.387  10.380
 3.875  -6.768   4.408
 4.000  -8.683  -9.441
 4.125  -5.019  -7.963
 4.250 -10.616  -5.537
 4.375 -17.789 -12.258
 4.500  -7.452 -16.097
 4.625  -7.142  -7.708
 4.750 -13.956  -7.987
 4.875 -17.354 -15.905
 5.000  -8.418 -16.558
 5.125  -7.743  -8.958
 5.250 -12.771  -8.749
 5.375 -26.021 -14.423
 5.500 -11.143 -24.284
 5.625  -9.340 -11.927
 5.750 -12.911 -10.554
 5.875 -38.877 -14.546
 6.000 -14.954 -63.938
 6.125 -12.246 -16.117
 6.250 -15.853 -13.812
 6.375 -41.360 -17.757
 6.500 -16.221 -39.625
 6.625 -15.029 -18.070
 6.750 -27.975 -17.172
 6.875 -13.381 -30.457
 7.000  -6.270 -15.957
 7.125  -3.492  -9.132
 7.250  -3.087  -6.675
 7.375  -4.631  -6.645
 7.500  -8.178  -8.576
 7.625 -14.116 -12.166
 7.750 -22.418 -16.170
 7.875 -29.606 -19.108
 8.000 -61.880 -23.947
 8.125 -29.279 -49.153
 8.250 -28.055 -27.664
 8.375 -40.633 -26.496


 75.5 ELAPSED SECONDS.




EXIT

-ST


----

14-AUG-72 09:34


FEED AMPLITUDES: 0.725 0.400 0
DIFFERENTIAL PHASE: 309.375

3 DB BEAMWIDTH IS  0.5043
PEAK IS  15.4397 DB AT BEARING  3.4979
SIDELOBES ARE 17.687 AND 20.780 DB DOWN

FAR FIELD:

 ANGLE   DBL     DBR

 3.500  15.440  15.440
 3.625  14.756  14.706
 3.750  12.544  12.424
 3.875   8.336   8.079
 4.000   0.476  -0.207
 4.125 -27.588 -19.268
 4.250  -5.769  -5.129
 4.375  -7.116  -7.043
 4.500 -22.610 -26.779
 4.625 -10.829  -9.566
 4.750  -7.268  -6.505
 4.875 -10.095  -9.701
 5.000 -31.505 -43.361
 5.125 -11.966 -10.475
 5.250  -8.481  -7.318
 5.375 -10.514  -9.542
 5.500 -22.112 -22.282
 5.625 -16.208 -14.234
 5.750 -11.008  -9.333
 5.875 -12.005 -10.382
 6.000 -20.025 -18.626
 6.125 -22.266 -19.735
 6.250 -14.803 -12.474
 6.375 -15.497 -13.045
 6.500 -24.525 -21.926
 6.625 -23.423 -20.344
 6.750 -17.731 -14.325
 6.875 -21.450 -17.488
 7.000 -25.919 -22.093
 7.125 -13.567  -8.649
 7.250  -9.997  -4.029
 7.375  -9.747  -2.346
 7.500 -12.019  -2.660
 7.625 -15.406  -4.760
 7.750 -15.537  -8.762
 7.875 -15.182 -15.027
 8.000 -17.983 -23.667
 8.125 -27.917 -34.448
 8.250 -28.744 -37.277
 8.375 -23.672 -29.027
 8.500 -28.147 -31.088


108.4 ELAPSED SECONDS.




EXIT

-ST


----

14-AUG-72 09:35


FEED AMPLITUDES: 0.725 0.400 0
DIFFERENTIAL PHASE: 315.000

3 DB BEAMWIDTH IS  0.5044
PEAK IS  15.4544 DB AT BEARING  3.5604
SIDELOBES ARE 18.683 AND 20.695 DB DOWN

FAR FIELD:

 ANGLE   DBL     DBR

 3.500  15.291  15.291
 3.625  13.873  15.267
 3.750  10.754  13.793
 3.875   5.083  10.590
 4.000  -7.375   4.736
 4.125  -8.764  -8.718
 4.250  -5.376  -7.856
 4.375 -11.210  -5.171
 4.500 -17.796 -11.615
 4.625  -7.906 -16.062
 4.750  -7.757  -7.278
 4.875 -14.828  -7.390
 5.000 -17.729 -14.994
 5.125  -9.140 -16.250
 5.250  -8.626  -8.311
 5.375 -13.864  -7.940
 5.500 -26.286 -13.379
 5.625 -12.174 -24.144
 5.750 -10.563 -11.061
 5.875 -14.344  -9.500
 6.000 -43.619 -13.276
 6.125 -16.414 -45.269
 6.250 -13.968 -14.975
 6.375 -17.859 -12.420
 6.500 -40.941 -16.094
 6.625 -18.435 -41.256
 6.750 -17.646 -16.449
 6.875 -31.641 -15.206
 7.000 -16.520 -27.356
 7.125 -10.069 -13.925
 7.250  -8.086  -6.660
 7.375  -8.778  -3.794
 7.500 -11.795  -3.288
 7.625 -15.890  -4.680
 7.750 -16.813  -7.961
 7.875 -17.549 -13.356
 8.000 -22.538 -20.652
 8.125 -51.463 -27.803
 8.250 -25.248 -49.268
 8.375 -25.174 -30.089
 8.500 -39.096 -27.943


 85.8 ELAPSED SECONDS.




EXIT

-ST


----

14-AUG-72 09:37


FEED AMPLITUDES: 0.725 0.400 0
DIFFERENTIAL PHASE: 320.625

3 DB BEAMWIDTH IS  0.5044
PEAK IS  15.4627 DB AT BEARING  3.6228
SIDELOBES ARE 19.746 AND 20.610 DB DOWN

FAR FIELD:

 ANGLE   DBL     DBR

 3.625  15.462  15.462
 3.750  14.779  14.729
 3.875  12.564  12.452
 4.000   8.340   8.129
 4.125   0.405  -0.064
 4.250 -24.976 -20.624
 4.375  -5.537  -5.306
 4.500  -6.997  -7.093
 4.625 -23.229 -25.508
 4.750 -10.418  -9.931
 4.875  -6.963  -6.750
 5.000  -9.867  -9.844
 5.125 -33.027 -37.570
 5.250 -11.438 -10.958
 5.375  -8.032  -7.700
 5.500 -10.112  -9.848
 5.625 -22.052 -22.073
 5.750 -15.461 -14.939
 5.875 -10.365  -9.893
 6.000 -11.391 -10.879
 6.125 -19.553 -18.895
 6.250 -21.191 -20.780
 6.375 -13.894 -13.260
 6.500 -14.598 -13.767
 6.625 -23.784 -22.368
 6.750 -22.031 -21.625
 6.875 -16.402 -15.403
 7.000 -20.119 -18.438
 7.125 -23.766 -24.122
 7.250 -11.445 -10.279
 7.375  -7.517  -5.773
 7.500  -6.693  -4.312
 7.625  -8.200  -4.957
 7.750 -11.928  -7.539
 7.875 -16.757 -12.162
 8.000 -18.583 -18.425
 8.125 -20.766 -23.632
 8.250 -30.218 -31.118
 8.375 -30.008 -35.061
 8.500 -24.798 -27.005
 8.625 -29.182 -29.330


 75.9 ELAPSED SECONDS.




EXIT

-ST


----

14-AUG-72 09:38


FEED AMPLITUDES: 0.725 0.400 0
DIFFERENTIAL PHASE: 326.250

3 DB BEAMWIDTH IS  0.5045
PEAK IS  15.4644 DB AT BEARING  3.6853
SIDELOBES ARE 20.566 AND 20.527 DB DOWN

FAR FIELD:

 ANGLE   DBL     DBR

 3.625  15.301  15.301
 3.750  13.882  15.276
 3.875  10.756  13.805
 4.000   5.050  10.613
 4.125  -7.647   4.801
 4.250  -8.418  -8.352
 4.375  -5.218  -8.176
 4.500 -11.209  -5.299
 4.625 -17.136 -11.551
 4.750  -7.581 -16.705
 4.875  -7.501  -7.584
 5.000 -14.737  -7.610
 5.125 -17.041 -14.994
 5.250  -8.683 -16.951
 5.375  -8.217  -8.749
 5.500 -13.548  -8.309
 5.625 -25.070 -13.614
 5.750 -11.528 -25.468
 5.875  -9.960 -11.689
 6.000 -13.791 -10.053
 6.125 -48.298 -13.741
 6.250 -15.512 -40.469
 6.375 -13.106 -15.856
 6.500 -17.031 -13.208
 6.625 -37.955 -16.793
 6.750 -17.180 -47.533
 6.875 -16.382 -17.628
 7.000 -30.998 -16.306
 7.125 -14.627 -27.745
 7.250  -7.983 -15.674
 7.375  -5.624  -8.442
 7.500  -5.737  -5.783
 7.625  -7.988  -5.604
 7.750 -12.424  -7.476
 7.875 -18.048 -11.380
 8.000 -20.972 -16.780
 8.125 -25.380 -20.665
 8.250 -50.335 -24.671
 8.375 -26.657 -44.185
 8.500 -26.364 -28.200
 8.625 -40.709 -26.328


 97.0 ELAPSED SECONDS.




EXIT

-ST


----

14-AUG-72 09:40


FEED AMPLITUDES: 0 725 0.400 0
DIFFERENTIAL PHASE: 331.875

3 DB BEAMWIDTH IS  0.5010
PEAK IS  70.4657 DB AT BEARING  3.7146
SIDELOBES ARE 12.258 AND  4.342 DB DOWN

FAR FIELD:

 ANGLE   DBL     DBR

 3.750  70.409  70.409
 3.875  70.096  69.292
 4.000  68.235  66.622
 4.125  64.342  61.903
 4.250  56.672  53.362
 4.375  33.755  30.592
 4.500  51.696  46.842
 4.625  50.449  44.655
 4.750  33.705  26.793
 4.875  47.962  40.305
 5.000  51.632  42.925
 5.125  48.970  39.172
 5.250  23.846  14.000
 5.375  48.350  35.864
 5.500  52.009  38.065
 5.625  50.215  34.589
 5.750  38.251  21.073
 5.875  45.907  24.959
 6.000  51.268  26.652
 6.125  50.590  19.182
 6.250  42.673   1.137
 6.375  42.050  12.749
 6.500  49.628  26.228
 6.625  49.380  29.523
 6.750  40.524  24.084
 6.875  43.476  26.444
 7.000  49.639  35.096
 7.125  46.575  34.268
 7.250  44.472  29.478
 7.375  57.611  45.856
 7.500  62.855  52.436
 7.625  65.381  56.080
 7.750  66.123  57.868
 7.875  65.360  58.135
 8.000  63.088  56.928
 8.125  59.038  54.048
 8.250  52.335  48.816
 8.375  38.709  38.383
 8.500  36.044  30.379
 8.625  37.879  36.384
 8.750  30.157  32.144


 89.0 ELAPSED SECONDS.




EXIT

-ST


----

14-AUG-72 09:41


FEED AMPLITUDES: 0.847 0.244 0
DIFFERENTIAL PHASE: 337.500

3 DB BEAMWIDTH IS  0.5044
PEAK IS  15.4652 DB AT BEARING  3.8160
SIDELOBES ARE 19.337 AND 20.792 DB DOWN

FAR FIELD:

 ANGLE   DBL     DBR

 3.875  15.309  15.309
 4.000  15.270  13.902
 4.125  13.785  10.784
 4.250  10.582   5.075
 4.375   4.773  -7.730
 4.500  -8.248  -8.172
 4.625  -8.464  -5.035
 4.750  -5.521 -11.036
 4.875 -11.751 -16.857
 5.000 -17.111  -7.310
 5.125  -7.957  -7.186
 5.250  -8.035 -14.294
 5.375 -15.537 -16.897
 5.500 -17.345  -8.344
 5.625  -9.311  -7.764
 5.750  -9.005 -12.866
 5.875 -14.551 -25.834
 6.000 -25.350 -11.179
 6.125 -12.471  -9.384
 6.250 -11.101 -12.896
 6.375 -15.156 -36.366
 6.500 -67.015 -15.233
 6.625 -16.939 -12.377
 6.750 -14.822 -15.751
 6.875 -19.074 -63.546
 7.000 -38.534 -16.778
 7.125 -19.559 -15.194
 7.250 -19.272 -25.795
 7.375 -35.276 -14.753
 7.500 -18.454  -7.227
 7.625 -12.879  -4.366
 7.750 -12.034  -3.975
 7.875 -14.389  -5.615
 8.000 -16.817  -9.381
 8.125 -13.942 -15.650
 8.250 -12.385 -22.777
 8.375 -13.936 -26.620
 8.500 -19.911 -43.435
 8.625 -43.716 -28.912
 8.750 -23.140 -26.424
 8.875 -23.635 -34.256


121.4 ELAPSED SECONDS.




EXIT

-ST


----

14-AUG-72 09:43


FEED AMPLITUDES: 0.847 0.244 0
DIFFERENTIAL PHASE: 343.125

3 DB BEAMWIDTH IS  0.5044
PEAK IS  15.4793 DB AT BEARING  3.8784
SIDELOBES ARE 20.512 AND 20.703 DB DOWN

FAR FIELD:

 ANGLE   DBL     DBR

 3.875  15.479  15.479
 4.000  14.732  14.809
 4.125  12.444  12.606
 4.250   8.117   8.387
 4.375  -0.044   0.434
 4.500 -21.584 -23.917
 4.625  -5.521  -5.330
 4.750  -7.282  -6.797
 4.875 -25.383 -23.050
 5.000 -10.281 -10.155
 5.125  -7.120  -6.661
 5.250 -10.274  -9.487
 5.375 -39.077 -31.346
 5.500 -11.437 -11.164
 5.625  -8.293  -7.626
 5.750 -10.591  -9.552
 5.875 -23.422 -20.787
 6.000 -15.516 -15.322
 6.125 -10.766  -9.886
 6.250 -12.015 -10.661
 6.375 -20.669 -18.162
 6.500 -21.310 -21.551
 6.625 -14.553 -13.351
 6.750 -15.548 -13.615
 6.875 -25.406 -21.586
 7.000 -22.713 -22.401
 7.125 -17.661 -15.576
 7.250 -21.975 -18.197
 7.375 -24.782 -26.050
 7.500 -13.519 -10.970
 7.625 -10.375  -6.403
 7.750 -10.671  -5.040
 7.875 -13.834  -5.929
 8.000 -16.973  -8.995
 8.125 -14.835 -14.500
 8.250 -14.189 -20.617
 8.375 -17.221 -22.608
 8.500 -27.954 -28.750
 8.625 -27.225 -34.678
 8.750 -22.829 -25.697
 8.875 -27.867 -27.654


121.2 ELAPSED SECONDS.




EXIT

-ST


----

14-AUG-72 09:45


FEED AMPLITUDES: 0.847 0.244 0
DIFFERENTIAL PHASE: 348.750

3 DB BEAMWIDTH IS  0.5045
PEAK IS  15.4867 DB AT BEARING  3.9408
SIDELOBES ARE 20.513 AND 20.617 DB DOWN

FAR FIELD:

 ANGLE   DBL     DBR

 4.000  15.330  15.330
 4.125  15.292  13.925
 4.250  13.806  10.817
 4.375  10.596   5.148
 4.500   4.751  -7.386
 4.625  -8.540  -8.507
 4.750  -8.114  -5.161
 4.875  -5.348 -10.978
 5.000 -11.746 -17.557
 5.125 -16.465  -7.617
 5.250  -7.611  -7.406
 5.375  -7.756 -14.309
 5.500 -15.437 -17.643
 5.625 -16.648  -8.788
 5.750  -8.822  -8.136
 5.875  -8.561 -13.112
 6.000 -14.203 -27.397
 6.125 -24.182 -11.821
 6.250 -11.777  -9.949
 6.375 -10.443 -13.376
 6.500 -14.542 -34.604
 6.625 -51.614 -16.144
 6.750 -15.954 -13.190
 6.875 -13.859 -16.482
 7.000 -18.129 -50.354
 7.125 -35.995 -18.012
 7.250 -18.121 -16.355
 7.375 -17.772 -26.415
 7.500 -34.540 -16.623
 7.625 -16.119  -9.151
 7.750 -10.130  -6.559
 7.875  -8.517  -6.613
 8.000  -9.740  -8.968
 8.125 -13.645 -13.759
 8.250 -17.493 -19.025
 8.375 -16.154 -19.735
 8.500 -16.624 -22.670
 8.625 -21.958 -39.175
 8.750 -43.344 -27.175
 8.875 -24.148 -24.930
 9.000 -24.526 -32.619


 96.6 ELAPSED SECONDS.




EXIT

-ST


----

14-AUG-72 09:47


FEED AMPLITUDES: 0.847 0.244
DIFFERENTIAL PHASE: 354.375

3 DB BEAMWIDTH IS  0.5045
PEAK IS  15.4873 DB AT BEARING  4.0033
SIDELOBES ARE 20.598 AND 20.529 DB DOWN

FAR FIELD:

 ANGLE   DBL     DBR

 4.000  15.487  15.487
 4.125  14.741  14.817
 4.250  12.449  12.618
 4.375   8.104   8.420
 4.500  -0.140   0.552
 4.625 -20.135 -26.481
 4.750  -5.307  -5.538
 4.875  -7.181  -6.876
 5.000 -26.396 -22.267
 5.125  -9.887 -10.564
 5.250  -6.826  -6.939
 5.375 -10.062  -9.666
 5.500 -44.437 -29.698
 5.625 -10.920 -11.699
 5.750  -7.850  -8.049
 5.875 -10.198  -9.903
 6.000 -23.460 -20.728
 6.125 -14.780 -16.108
 6.250 -10.123 -10.505
 6.375 -11.400 -11.221
 6.500 -20.219 -18.527
 6.625 -20.253 -22.752
 6.750 -13.633 -14.233
 6.875 -14.635 -14.440
 7.000 -24.682 -22.190
 7.125 -21.306 -23.885
 7.250 -16.291 -16.830
 7.375 -20.595 -19.372
 7.500 -22.584 -28.599
 7.625 -11.252 -12.959
 7.750  -7.649  -8.626
 7.875  -7.169  -7.699
 8.000  -9.198  -9.300
 8.125 -13.812 -13.391
 8.250 -18.398 -17.897
 8.375 -17.976 -17.609
 8.500 -19.943 -18.736
 8.625 -30.197 -25.692
 8.750 -28.439 -33.412
 8.875 -23.904 -24.311
 9.000 -28.875 -26.370


153.5 ELAPSED SECONDS.




EXIT

-ST


----

14-AUG-72 09:50


FEED AMPLITUDES: 0.847 0.244 0
DIFFERENTIAL PHASE: 360.000

3 DB BEAMWIDTH IS  0.5046
PEAK IS  15.4812 DB AT BEARING  4.0657
SIDELOBES ARE 20.686 AND 20.444 DB DOWN

FAR FIELD:

 ANGLE   DBL     DBR

 4.125  15.324  15.324
 4.250  15.287  13.920
 4.375  13.801  10.823
 4.500  10.581   5.193
 4.625   4.698  -7.083
 4.750  -8.882  -8.881
 4.875  -7.799  -5.318
 5.000  -5.206 -10.955
 5.125 -11.779 -18.325
 5.250 -15.866  -7.959
 5.375  -7.298  -7.660
 5.500  -7.512 -14.366
 5.625 -15.383 -18.449
 5.750 -15.998  -9.270
 5.875  -8.373  -8.547
 6.000  -8.159 -13.402
 6.125 -13.904 -29.174
 6.250 -23.099 -12.514
 6.375 -11.135 -10.565
 6.500  -9.840 -13.914
 6.625 -13.993 -33.420
 6.750 -44.077 -17.131
 6.875 -15.049 -14.082
 7.000 -12.987 -17.304
 7.125 -17.292 -44.546
 7.250 -33.759 -19.377
 7.375 -16.838 -17.670
 7.500 -16.467 -27.286
 7.625 -34.223 -18.754
 7.750 -14.139 -11.417
 7.875  -7.898  -9.243
 8.000  -5.810 -10.004
 8.125  -6.251 -13.383
 8.250  -9.019 -17.175
 8.375 -14.343 -16.043
 8.500 -19.732 -15.909
 8.625 -20.434 -19.784
 8.750 -24.745 -35.877
 8.875 -43.766 -25.941
 9.000 -25.491 -23.781
 9.125 -25.667 -31.266


195.0 ELAPSED SECONDS.




EXIT

-ST


----

14-AUG-72 09:53


FEED AMPLITUDES: 1 0 0
DIFFERENTIAL PHASE: 365.625

3 DB BEAMWIDTH IS  0.5042
PEAK IS  15.4259 DB AT BEARING  4.1364
SIDELOBES ARE 20.664 AND 19.869 DB DOWN

FAR FIELD:

 ANGLE   DBL     DBR

 4.125  15.420  15.420
 4.250  14.581  14.840
 4.375  12.189  12.736
 4.500   7.726   8.645
 4.625  -0.707   0.947
 4.750 -19.438 -29.751
 4.875  -5.780  -5.304
 5.000  -7.885  -6.426
 5.125 -28.551 -20.965
 5.250 -10.550 -10.284
 5.375  -7.727  -6.439
 5.500 -11.194  -8.982
 5.625 -69.606 -27.455
 5.750 -12.073 -11.203
 5.875  -9.261  -7.349
 6.000 -11.863  -9.037
 6.125 -25.818 -19.384
 6.250 -16.575 -15.495
 6.375 -12.286  -9.613
 6.500 -13.908 -10.157
 6.625 -23.264 -17.160
 6.750 -23.110 -22.120
 6.875 -17.125 -13.114
 7.000 -18.745 -13.112
 7.125 -29.762 -20.484
 7.250 -26.688 -22.880
 7.375 -23.065 -15.347
 7.500 -29.386 -17.545
 7.625 -34.018 -27.939
 7.750 -31.268 -11.193
 7.875 -24.991  -6.527
 8.000 -12.925  -5.238
 8.125  -7.455  -6.380
 8.250  -4.914 -10.092
 8.375  -4.551 -17.417
 8.500  -6.348 -22.615
 8.625 -11.065 -20.980
 8.750 -23.392 -26.339
 8.875 -22.327 -34.482
 9.000 -18.902 -24.282
 9.125 -24.772 -25.817


107.8 ELAPSED SECONDS.




EXIT

-ST


----

14-AUG-72 09:55


FEED AMPLITUDES: 1 0 0
DIFFERENTIAL PHASE: 371.250

3 DB BEAMWIDTH IS  0.5043
PEAK IS  15.4519 DB AT BEARING  4.1988
SIDELOBES ARE 20.319 AND 20.808 DB DOWN

FAR FIELD:

 ANGLE   DBL     DBR

 4.250  15.334  15.334
 4.375  15.207  14.021
 4.500  13.626  11.021
 4.625  10.301   5.516
 4.750   4.280  -6.430
 4.875  -9.714  -8.823
 5.000  -8.062  -4.948
 5.125  -5.751 -10.324
 5.250 -12.622 -18.439
 5.375 -16.205  -7.523
 5.500  -8.041  -7.050
 5.625  -8.462 -13.480
 5.750 -16.680 -18.249
 5.875 -16.854  -8.630
 6.000  -9.593  -7.743
 6.125  -9.612 -12.383
 6.250 -15.666 -29.771
 6.375 -24.329 -11.697
 6.500 -13.021  -9.559
 6.625 -12.044 -12.713
 6.750 -16.568 -30.702
 6.875 -43.053 -16.122
 7.000 -18.053 -12.822
 7.125 -16.525 -15.806
 7.250 -21.480 -39.280
 7.375 -37.446 -18.009
 7.500 -22.339 -15.978
 7.625 -23.309 -24.869
 7.750 -44.291 -17.138
 7.875 -25.779  -9.360
 8.000 -27.949  -6.807
 8.125 -23.169  -7.103
 8.250 -12.020 -10.102
 8.375  -7.288 -16.715
 8.500  -5.457 -21.076
 8.625  -5.900 -18.200
 8.750  -8.829 -20.594
 8.875 -15.932 -35.000
 9.000 -35.349 -26.072
 9.125 -19.504 -23.361
 9.250 -20.733 -30.199


 89.6 ELAPSED SECONDS.




EXIT

-ST


----

14-AUG-72 09:56


FEED AMPLITUDES: 1 0 0
DIFFERENTIAL PHASE: 376.875

3 DB BEAMWIDTH IS  0.5043
PEAK IS  15.4707 DB AT BEARING  4.2611
SIDELOBES ARE 20.410 AND 20.804 DB DOWN

FAR FIELD:

 ANGLE   DBL     DBR

 4.250  15.465  15.465
 4.375  14.629  14.883
 4.500  12.235  12.782
 4.625   7.755   8.709
 4.750  -0.766   1.091
 4.875 -18.253 -36.039
 5.000  -5.516  -5.495
 5.125  -7.732  -6.484
 5.250 -30.026 -20.329
 5.375 -10.092 -10.686
 5.500  -7.361  -6.699
 5.625 -10.907  -9.145
 5.750 -46.241 -26.389
 5.875 -11.462 -11.734
 6.000  -8.711  -7.761
 6.125 -11.353  -9.376
 6.250 -25.810 -19.366
 6.375 -15.692 -16.297
 6.500 -11.468 -10.229
 6.625 -13.091 -10.714
 6.750 -22.597 -17.538
 6.875 -21.781 -23.393
 7.000 -15.859 -14.006
 7.125 -17.401 -13.948
 7.250 -28.517 -21.127
 7.375 -24.547 -24.444
 7.500 -20.641 -16.642
 7.625 -26.387 -18.781
 7.750 -28.901 -30.861
 7.875 -21.042 -13.306
 8.000 -25.515  -8.937
 8.125 -21.849  -8.233
 8.250 -11.500 -10.471
 8.375  -7.478 -16.386
 8.500  -6.387 -19.993
 8.625  -7.757 -16.139
 8.750 -12.218 -16.808
 8.875 -24.595 -23.355
 9.000 -22.783 -33.456
 9.125 -19.393 -22.962
 9.250 -25.324 -24.585


 92.0 ELAPSED SECONDS.




EXIT

-ST


----

14-AUG-72 09:58


FEED AMPLITUDES: 1 0 0
DIFFERENTIAL PHASE: 382.500

3 DB BEAMWIDTH IS  0.5044
PEAK IS  15.4821 DB AT BEARING  4.3235
SIDELOBES ARE 20.503 AND 20.709 DB DOWN

FAR FIELD:

 ANGLE   DBL     DBR

 4.375  15.363  15.363
 4.500  15.239  14.050
 4.625  13.659  11.059
 4.750  10.326   5.590
 4.875   4.267  -6.122
 5.000 -10.059  -9.199
 5.125  -7.708  -5.085
 5.250  -5.559 -10.288
 5.375 -12.615 -19.277
 5.500 -15.571  -7.851
 5.625  -7.662  -7.287
 5.750  -8.147 -13.533
 5.875 -16.568 -19.103
 6.000 -16.132  -9.103
 6.125  -9.048  -8.143
 6.250  -9.104 -12.668
 6.375 -15.256 -32.100
 6.500 -23.172 -12.392
 6.625 -12.227 -10.173
 6.750 -11.267 -13.251
 6.875 -15.821 -30.082
 7.000 -39.453 -17.129
 7.125 -16.866 -13.726
 7.250 -15.307 -16.648
 7.375 -20.217 -37.706
 7.500 -34.896 -19.422
 7.625 -20.315 -17.347
 7.750 -20.953 -25.907
 7.875 -42.878 -19.411
 8.000 -20.857 -11.814
 8.125 -17.757  -9.827
 8.250 -23.710 -11.215
 8.375 -20.956 -16.414
 8.500 -11.344 -19.312
 8.625  -8.032 -14.626
 8.750  -7.751 -14.074
 8.875 -10.262 -17.765
 9.000 -17.153 -32.060
 9.125 -35.089 -24.921
 9.250 -20.081 -22.260
 9.375 -21.291 -28.927


 87.4 ELAPSED SECONDS.




EXIT

-DEL PARD.REL

FILES DELETED:
PARD    REL

-
-
-
-
-
-LOG
1797.45 TRU
TERMINAL TIME: 1:11:10

    7qb√