

EXEC PARD
LOADING
EXECUTION

----

11-AUG-72 10:18


FEED AMPLITUDES: 0 0 1
DIFFERENTIAL PHASE: 0.000

3 DB BEAMWIDTH IS  0.5030
PEAK IS  15.5192 DB AT BEARING  0.0000
SIDELOBES ARE 20.605 AND 20.605 DB DOWN

FAR FIELD:

 ANGLE   DBL     DBR

 0.000  15.519  15.519
 0.125  14.806  14.806
 0.250  12.547  12.547
 0.375   8.245   8.245
 0.500   0.112   0.112
 0.625 -21.639 -21.639
 0.750  -5.388  -5.388
 0.875  -7.140  -7.140
 1.000 -25.350 -25.350
 1.125 -10.101 -10.101
 1.250  -6.959  -6.959
 1.375 -10.142 -10.142
 1.500 -40.259 -40.259
 1.625 -11.241 -11.241
 1.750  -8.140  -8.140
 1.875 -10.480 -10.480
 2.000 -23.490 -23.490
 2.125 -15.348 -15.348
 2.250 -10.673 -10.673
 2.375 -11.978 -11.978
 2.500 -20.729 -20.729
 2.625 -21.282 -21.282
 2.750 -14.636 -14.636
 2.875 -15.721 -15.721
 3.000 -25.683 -25.683
 3.125 -23.116 -23.116
 3.250 -18.233 -18.233
 3.375 -22.753 -22.753
 3.500 -26.114 -26.114
 3.625 -15.371 -15.371
 3.750 -13.362 -13.362
 3.875 -16.582 -16.582
 4.000 -36.139 -36.138
 4.125 -15.100 -15.099
 4.250 -10.923 -10.923
 4.375 -10.830 -10.830
 4.500 -14.263 -14.263
 4.625 -24.889 -24.889
 4.750 -25.385 -25.385
 4.875 -20.761 -20.760
 5.000 -25.511 -25.511


188.3 ELAPSED SECONDS.




EXIT

-ST


----

11-AUG-72 10:21


FEED AMPLITUDES: 0 0 1
DIFFERENTIAL PHASE: 5.625

3 DB BEAMWIDTH IS  0.5030
PEAK IS  15.5156 DB AT BEARING  0.0622
SIDELOBES ARE 20.699 AND 20.512 DB DOWN

FAR FIELD:

 ANGLE   DBL     DBR

 0.000  15.341  15.341
 0.125  13.889  15.337
 0.250  10.707  13.881
 0.375   4.891  10.702
 0.500  -8.333   4.914
 0.625  -8.011  -8.070
 0.750  -5.211  -8.335
 0.875 -11.609  -5.376
 1.000 -16.274 -11.622
 1.125  -7.445 -16.889
 1.250  -7.605  -7.784
 1.375 -15.345  -7.885
 1.500 -16.400 -15.453
 1.625  -8.648 -17.089
 1.750  -8.422  -9.142
 1.875 -14.125  -8.876
 2.000 -23.851 -14.486
 2.125 -11.642 -25.027
 2.250 -10.363 -12.361
 2.375 -14.526 -11.051
 2.500 -49.168 -15.172
 2.625 -15.961 -74.030
 2.750 -13.951 -17.011
 2.875 -18.310 -14.989
 3.000 -36.214 -19.343
 3.125 -18.519 -38.995
 3.250 -18.335 -20.140
 3.375 -35.090 -20.079
 3.500 -17.372 -36.125
 3.625 -11.965 -20.338
 3.750 -11.494 -15.880
 3.875 -15.642 -17.956
 4.000 -35.939 -36.703
 4.125 -15.607 -14.955
 4.250 -12.226 -10.046
 4.375 -13.233  -9.049
 4.500 -18.903 -11.030
 4.625 -44.288 -17.165
 4.750 -22.042 -46.646
 4.875 -22.318 -21.221
 5.000 -36.823 -21.541


181.7 ELAPSED SECONDS.




EXIT

-ST


----

11-AUG-72 10:24


FEED AMPLITUDES: 0 0 1
DIFFERENTIAL PHASE: 11.250

3 DB BEAMWIDTH IS  0.5029
PEAK IS  15.5047 DB AT BEARING  0.1244
SIDELOBES ARE 20.793 AND 20.419 DB DOWN

FAR FIELD:

 ANGLE   DBL     DBR

 0.125  15.505  15.505
 0.250  14.798  14.786
 0.375  12.540  12.524
 0.500   8.226   8.233
 0.625   0.023   0.169
 0.750 -20.289 -23.240
 0.875  -5.188  -5.620
 1.000  -7.041  -7.273
 1.125 -26.297 -24.572
 1.250  -9.721 -10.520
 1.375  -6.669  -7.285
 1.500  -9.926 -10.396
 1.625 -46.706 -36.879
 1.750 -10.723 -11.803
 1.875  -7.690  -8.635
 2.000 -10.077 -10.932
 2.125 -23.527 -23.537
 2.250 -14.594 -16.164
 2.375 -10.006 -11.402
 2.500 -11.336 -12.691
 2.625 -20.254 -21.290
 2.750 -20.168 -22.497
 2.875 -13.655 -15.724
 3.000 -14.735 -16.834
 3.125 -24.888 -26.648
 3.250 -21.563 -24.877
 3.375 -16.685 -20.049
 3.500 -21.141 -24.749
 3.625 -23.495 -29.345
 3.750 -12.481 -19.327
 3.875  -9.473 -19.844
 4.000 -10.136 -37.658
 4.125 -15.090 -15.168
 4.250 -36.096  -9.553
 4.375 -16.499  -7.763
 4.500 -14.027  -8.654
 4.625 -16.505 -12.596
 4.750 -26.842 -23.324
 4.875 -26.313 -24.739
 5.000 -21.666 -20.063
 5.125 -26.420 -24.772


188.5 ELAPSED SECONDS.




EXIT

-ST


----

11-AUG-72 10:28


FEED AMPLITUDES: 0 0 1
DIFFERENTIAL PHASE: 16.875

3 DB BEAMWIDTH IS  0.5030
PEAK IS  15.4866 DB AT BEARING  0.1866
SIDELOBES ARE 20.889 AND 20.328 DB DOWN

FAR FIELD:

 ANGLE   DBL     DBR

 0.125  15.315  15.315
 0.250  13.867  15.305
 0.375  10.683  13.844
 0.500   4.837  10.668
 0.625  -8.640   4.907
 0.750  -7.724  -7.851
 0.875  -5.077  -8.698
 1.000 -11.633  -5.576
 1.125 -15.708 -11.673
 1.250  -7.140 -17.556
 1.375  -7.362  -8.161
 1.500 -15.282  -8.203
 1.625 -15.761 -15.607
 1.750  -8.196 -17.832
 1.875  -8.013  -9.682
 2.000 -13.815  -9.378
 2.125 -22.767 -14.901
 2.250 -10.982 -26.308
 2.375  -9.738 -13.144
 2.500 -13.951 -11.809
 2.625 -42.682 -15.897
 2.750 -15.005 -52.057
 2.875 -13.019 -18.169
 3.000 -17.406 -16.154
 3.125 -33.806 -20.535
 3.250 -17.099 -42.282
 3.375 -16.859 -22.030
 3.500 -34.612 -22.203
 3.625 -14.999 -37.883
 3.750  -9.115 -24.373
 3.875  -7.625 -22.390
 4.000  -9.211 -39.049
 4.125 -14.903 -15.747
 4.250 -36.617  -9.422
 4.375 -17.818  -6.901
 4.500 -16.457  -6.893
 4.625 -21.219  -9.402
 4.750 -43.373 -15.803
 4.875 -23.136 -51.955
 5.000 -23.301 -20.610
 5.125 -38.492 -20.932


186.6 ELAPSED SECONDS.




EXIT

-ST


----

11-AUG-72 10:31


FEED AMPLITUDES: 0 0.244 0.847
DIFFERENTIAL PHASE: 22.500

3 DB BEAMWIDTH IS  0.5032
PEAK IS  15.5082 DB AT BEARING  0.2571
SIDELOBES ARE 19.179 AND 20.795 DB DOWN

FAR FIELD:

 ANGLE   DBL     DBR

 0.250  15.506  15.506
 0.375  14.712  14.876
 0.500  12.365  12.709
 0.625   7.950   8.528
 0.750  -0.414   0.633
 0.875 -19.537 -24.642
 1.000  -5.512  -5.229
 1.125  -7.553  -6.666
 1.250 -28.120 -23.038
 1.375 -10.129  -9.950
 1.500  -7.255  -6.487
 1.625 -10.680  -9.383
 1.750 -62.013 -33.224
 1.875 -11.366 -10.782
 2.000  -8.498  -7.369
 2.125 -11.035  -9.431
 2.250 -25.072 -21.450
 2.375 -15.430 -14.590
 2.500 -11.048  -9.482
 2.625 -12.535 -10.465
 2.750 -21.776 -18.592
 2.875 -21.212 -20.082
 3.000 -15.004 -12.731
 3.125 -16.288 -13.343
 3.250 -26.890 -22.386
 3.375 -23.095 -20.611
 3.500 -18.585 -14.797
 3.625 -23.466 -18.269
 3.750 -25.505 -22.048
 3.875 -15.235  -9.289
 4.000 -13.055  -4.986
 4.125 -15.443  -3.678
 4.250 -27.397  -4.530
 4.375 -17.911  -7.510
 4.500 -12.856 -13.242
 4.625 -12.529 -24.136
 4.750 -15.949 -32.087
 4.875 -27.079 -35.259
 5.000 -26.227 -34.095
 5.125 -22.055 -27.267
 5.250 -27.210 -30.510


197.3 ELAPSED SECONDS.




EXIT

-ST


----

11-AUG-72 10:34


FEED AMPLITUDES: 0 0.244 0.847
DIFFERENTIAL PHASE: 28.125

3 DB BEAMWIDTH IS  0.5033
PEAK IS  15.5224 DB AT BEARING  0.3194
SIDELOBES ARE 20.425 AND 20.707 DB DOWN

FAR FIELD:

 ANGLE   DBL     DBR

 0.375  15.383  15.383
 0.500  15.305  14.014
 0.625  13.769  10.940
 0.750  10.490   5.308
 0.875   4.525  -7.127
 1.000  -9.308  -8.4
 5.125 -41.307 -27.902
 5.250 -23.208 -26.796
 5.375 -23.770 -38.496


 88.6 ELAPSED SECONDS.




EXIT

-ST


----

11-AUG-72 10:35


FEED AMPLITUDES: 0 0.244 0.847
DIFFERENTIAL PHASE: 33.750

3 DB BEAMWIDTH IS  0.5033
PEAK IS  15.5300 DB AT BEARING  0.3817
SIDELOBES ARE 20.510 AND 20.619 DB DOWN

FAR FIELD:

 ANGLE   DBL     DBR

 0.375  15.528  15.528
 0.500  14.738  14.894
 0.625  12.391  12.727
 0.750   7.962   8.559
 0.875  -0.479   0.731
 1.000 -18.451 -26.996
 1.125  -5.290  -5.414
 1.250  -7.432  -6.747
 1.375 -29.464 -22.394
 1.500  -9.732 -10.312
 1.625  -6.945  -6.747
 1.750 -10.448  -9.567
 1.875 -44.300 -31.518
 2.000 -10.836 -11.262
 2.125  -8.032  -7.769
 2.250 -10.618  -9.778
 2.375 -25.176 -21.434
 2.500 -14.673 -15.283
 2.625 -10.372 -10.064
 2.750 -11.885 -11.009
 2.875 -21.314 -18.973
 3.000 -20.114 -21.094
 3.125 -14.025 -13.553
 3.250 -15.307 -14.135
 3.375 -26.136 -22.979
 3.500 -21.575 -21.890
 3.625 -17.069 -15.962
 3.750 -21.913 -19.379
 3.875 -23.006 -24.021
 4.000 -12.492 -11.091
 4.125  -9.468  -7.017
 4.250  -9.902  -6.107
 4.375 -14.008  -7.632
 4.500 -27.406 -11.928
 4.625 -19.366 -21.144
 4.750 -16.033 -26.609
 4.875 -18.338 -23.502
 5.000 -29.140 -30.750
 5.125 -27.226 -31.804
 5.250 -22.993 -25.476
 5.375 -28.148 -28.995


109.1 ELAPSED SECONDS.




EXIT

-ST


----

11-AUG-72 10:37


FEED AMPLITUDES: 0 0.244 0.847
DIFFERENTIAL PHASE: 39.375

3 DB BEAMWIDTH IS  0.5033
PEAK IS  15.5307 DB AT BEARING  0.4440
SIDELOBES ARE 20.597 AND 20.532 DB DOWN

FAR FIELD:

 ANGLE   DBL     DBR

 0.500  15.390  15.390
 0.625  15.316  14.018
 0.750  13.782  10.948
 0.875  10.498   5.345
 1.000   4.501  -6.882
 1.125  -9.618  -8.765
 1.250  -7.572  -5.180
 1.375  -5.310 -10.867
 1.500 -12.283 -17.899
 1.625 -15.294  -7.725
 1.750  -7.299  -7.498
 1.875  -7.733 -14.432
 2.000 -16.128 -17.684
 2.125 -15.555  -8.907
 2.250  -8.436  -8.324
 2.375  -8.437 -13.458
 2.500 -14.551 -26.521
 2.625 -22.158 -11.914
 2.750 -11.238 -10.217
 2.875 -10.187 -13.891
 3.000 -14.639 -40.050
 3.125 -37.300 -16.144
 3.250 -15.244 -13.560
 3.375 -13.487 -17.286
 3.500 -18.145 -44.066
 3.625 -32.229 -18.097
 3.750 -17.363 -17.079
 3.875 -17.388 -29.834
 4.000 -38.471 -16.305
 4.125 -14.954  -9.619
 4.250  -9.203  -7.533
 4.375  -7.659  -8.238
 4.500  -9.005 -11.824
 4.625 -13.846 -20.312
 4.750 -27.954 -24.890
 4.875 -20.719 -20.386
 5.000 -18.517 -23.608
 5.125 -23.202 -57.236
 5.250 -41.412 -26.201
 5.375 -24.357 -25.406
 5.500 -24.787 -36.822


127.7 ELAPSED SECONDS.




EXIT

-ST


----

11-AUG-72 10:39


FEED AMPLITUDES: 0 0.244 0.847
DIFFERENTIAL PHASE: 45.000

3 DB BEAMWIDTH IS  0.5033
PEAK IS  15.5248 DB AT BEARING  0.5063
SIDELOBES ARE 20.683 AND 20.446 DB DOWN

FAR FIELD:

 ANGLE   DBL     DBR

 0.500  15.523  15.523
 0.625  14.737  14.885
 0.750  12.389  12.718
 0.875   7.946   8.562
 1.000  -0.574   0.799
 1.125 -17.493 -30.222
 1.250  -5.099  -5.630
 1.375  -7.343  -6.859
 1.500 -31.194 -21.852
 1.625  -9.369 -10.708
 1.750  -6.669  -7.039
 1.875 -10.253  -9.784
 2.000 -38.556 -30.223
 2.125 -10.346 -11.780
 2.250  -7.608  -8.206
 2.375 -10.246 -10.165
 2.500 -25.377 -21.483
 2.625 -13.970 -16.028
 2.750  -9.752 -10.696
 2.875 -11.295 -11.606
 3.000 -20.930 -19.419
 3.125 -19.101 -22.185
 3.250 -13.134 -14.449
 3.375 -14.430 -15.010
 3.500 -25.523 -23.679
 3.625 -20.210 -23.294
 3.750 -15.742 -17.266
 3.875 -20.615 -20.664
 4.000 -20.870 -26.247
 4.125 -10.276 -13.194
 4.250  -6.788  -9.484
 4.375  -6.350  -9.238
 4.500  -8.494 -12.077
 4.625 -14.042 -19.860
 4.750 -28.890 -23.655
 4.875 -22.581 -18.089
 5.000 -21.910 -19.245
 5.125 -31.856 -27.808
 5.250 -28.644 -30.313
 5.375 -24.221 -24.165
 5.500 -29.309 -27.813


168.2 ELAPSED SECONDS.




EXIT

-ST


----

11-AUG-72 10:42


FEED AMPLITUDES: 0 0.400 0.725
DIFFERENTIAL PHASE: 50.625

3 DB BEAMWIDTH IS  0.5035
PEAK IS  15.4941 DB AT BEARING  0.5744
SIDELOBES ARE 17.994 AND 20.757 DB DOWN

FAR FIELD:

 ANGLE   DBL     DBR

 0.625  15.379  15.379
 0.750  15.244  14.070
 0.875  13.650  11.070
 1.000  10.296   5.562
 1.125   4.203  -6.396
 1.250 -10.282  -8.777
 1.375  -7.673  -4.934
 1.500  -5.618 -10.404
 1.625 -12.829 -18.023
 1.750 -15.340  -7.410
 1.875  -7.636  -7.032
 2.000  -8.200 -13.723
 2.125 -16.869 -17.488
 2.250 -15.796  -8.363
 2.375  -8.916  -7.626
 2.500  -9.038 -12.557
 2.625 -15.345 -26.547
 2.750 -22.350 -11.099
 2.875 -11.857  -9.212
 3.000 -10.940 -12.678
 3.125 -15.557 -36.261
 3.250 -36.254 -14.937
 3.375 -16.039 -12.083
 3.500 -14.454 -15.520
 3.625 -19.320 -47.009
 3.750 -32.486 -16.157
 3.875 -18.482 -14.720
 4.000 -18.764 -26.446
 4.125 -42.403 -13.455
 4.250 -16.427  -6.065
 4.375 -11.061  -3.119
 4.500 -10.019  -2.543
 4.625 -12.291  -3.880
 4.750 -19.710  -7.173
 4.875 -23.750 -12.930
 5.000 -16.933 -22.677
 5.125 -17.026 -37.400
 5.250 -22.650 -60.574
 5.375 -39.821 -32.397
 5.500 -24.247 -29.812
 5.625 -25.028 -39.658


315.0 ELAPSED SECONDS.




EXIT

-ST


----

11-AUG-72 10:48


FEED AMPLITUDES: 0 0.400 0.725
DIFFERENTIAL PHASE: 56.250

3 DB BEAMWIDTH IS  0.5034
PEAK IS  15.5070 DB AT BEARING  0.6367
SIDELOBES ARE 19.025 AND 20.672 DB DOWN

FAR FIELD:

 ANGLE   DBL     DBR

 0.625  15.501  15.501
 0.750  14.654  14.924
 0.875  12.242  12.823
 1.000   7.720   8.747
 1.125  -0.945   1.116
 1.250 -16.952 -34.971
 1.375  -5.309  -5.455
 1.500  -7.720  -6.503
 1.625 -34.011 -20.821
 1.750  -9.603 -10.480
 1.875  -7.054  -6.621
 2.000 -10.788  -9.203
 2.125 -35.712 -28.293
 2.250 -10.730 -11.311
 2.375  -8.131  -7.550
 2.500 -10.900  -9.347
 2.625 -26.744 -20.227
 2.750 -14.4734
 3.000 -12.094 -10.457
 3.125 -22.0
 3.500 -15.449 -13.320
 3.625 -26.999 -21.539
 3.750 -21.122 -21.523
 3.875 -16.930 -14.979
 4.000 -22.140 -17.856
 4.125 -21.962 -23.767
 4.250 -11.816  -9.686
 4.375  -8.671  -5.093
 4.500  -8.726  -3.559
 4.625 -11.792  -4.146
 4.750 -19.918  -6.735
 4.875 -24.700 -11.713
 5.000 -18.815 -20.407
 5.125 -20.460 -33.104
 5.250 -31.571 -36.646
 5.375 -28.126 -36.734
 5.500 -24.189 -28.651
 5.625 -29.699 -31.098


109.3 ELAPSED SECONDS.




EXIT

-ST


----

11-AUG-72 10:49


FEED AMPLITUDES: 0 0.400 0.725
DIFFERENTIAL PHASE: 61.875

3 DB BEAMWIDTH IS  0.5035
PEAK IS  15.5133 DB AT BEARING  0.6991
SIDELOBES ARE 20.131 AND 20.588 DB DOWN

FAR FIELD:

 ANGLE   DBL     DBR

 0.750  15.397  15.397
 0.875  15.266  14.086
 1.000  13.672  11.092
 1.125  10.312   5.612
 1.250   4.184  -6.155
 1.375 -10.624  -9.103
 1.500  -7.373  -5.066
 1.625  -5.458 -10.395
 1.750 -12.849 -18.703
 1.875 -14.800  -7.704
 2.000  -7.311  -7.256
 2.125  -7.937 -13.796
 2.250 -16.821 -18.175
 2.375 -15.174  -8.782
 2.500  -8.452  -7.992
 2.625  -8.617 -12.830
 2.750 -15.038 -27.958
 2.875 -21.378 -11.697
 3.000 -11.198  -9.754
 3.125 -10.315 -13.160
 3.250 -14.993 -34.908
 3.375 -33.953 -15.771
 3.500 -15.108 -12.849
 3.625 -13.550 -16.230
 3.750 -18.461 -59.549
 3.875 -30.594 -17.274
 4.000 -17.143 -15.792
 4.125 -17.396 -27.008
 4.250 -44.237 -15.083
 4.375 -14.300  -7.754
 4.500  -8.599  -5.020
 4.625  -6.900  -4.781
 4.750  -7.858  -6.657
 4.875 -11.656 -10.911
 5.000 -20.492 -18.728
 5.125 -26.086 -30.064
 5.250 -21.353 -29.849
 5.375 -25.483 -52.157
 5.500 -40.563 -29.565
 5.625 -25.535 -27.748
 5.750 -26.140 -37.621


332.3 ELAPSED SECONDS.




EXIT

-ST


----

11-AUG-72 10:55


FEED AMPLITUDES: 0 0.400 0.725
DIFFERENTIAL PHASE: 67.500

3 DB BEAMWIDTH IS  0.5035
PEAK IS  15.5131 DB AT BEARING  0.7614
SIDELOBES ARE 20.590 AND 20.504 DB DOWN

FAR FIELD:

 ANGLE   DBL     DBR

 0.750  15.507  15.507
 0.875  14.664  14.927
 1.000  12.250  12.827
 1.125   7.711   8.764
 1.250  -1.039   1.196
 1.375 -16.136 -48.102
 1.500  -5.115  -5.659
 1.625  -7.629  -6.600
 1.750 -37.317 -20.369
 1.875  -9.242 -10.863
 2.000  -6.777  -6.892
 2.125 -10.595  -9.399
 2.250 -32.986 -27.415
 2.375 -10.244 -11.807
 2.500  -7.709  -7.957
 2.625 -10.532  -9.702
 2.750 -27.079 -20.276
 2.875 -13.776 -16.041
 3.000  -9.808 -10.320
 3.125 -11.516 -11.002
 3.250 -21.706 -18.351
 3.375 -18.728 -22.241
 3.500 -13.122 -13.845
 3.625 -14.598 -14.103
 3.750 -26.461 -22.148
 3.875 -19.811 -22.819
 4.000 -15.659 -16.123
 4.125 -20.927 -18.943
 4.250 -19.957 -25.803
 4.375  -9.752 -11.422
 4.500  -6.233  -7.016
 4.625  -5.623  -5.812
 4.750  -7.372  -6.938
 4.875 -11.877 -10.487
 5.000 -21.457 -17.527
 5.125 -27.988 -27.820
 5.250 -24.829 -25.618
 5.375 -34.689 -31.408
 5.500 -29.769 -34.143
 5.625 -25.552 -26.668
 5.750 -30.964 -29.473


387.0 ELAPSED SECONDS.




EXIT

-ST


----

11-AUG-72 11:01


FEED AMPLITUDES: 0 0.400 0.725
DIFFERENTIAL PHASE: 73.125

3 DB BEAMWIDTH IS  0.5035
PEAK IS  15.5064 DB AT BEARING  0.8238
SIDELOBES ARE 20.675 AND 19.841 DB DOWN

FAR FIELD:

 ANGLE   DBL     DBR

 0.875  15.388  15.388
 1.000  15.261  14.075
 1.125  13.669  11.087
 1.250  10.302   5.634
 1.375   4.137  -5.949
 1.500 -11.017  -9.466
 1.625  -7.105  -5.228
 1.750  -5.328 -10.419
 1.875 -12.905 -19.443
 2.000 -14.300  -8.029
 2.125  -7.018  -7.511
 2.250  -7.707 -13.905
 2.375 -16.817 -18.915
 2.500 -14.595  -9.238
 2.625  -8.025  -8.395
 2.750  -8.236 -13.143
 2.875 -14.777 -29.534
 3.000 -20.472 -12.342
 3.125 -10.587 -10.344
 3.250  -9.744 -13.695
 3.375 -14.488 -33.974
 3.500 -31.955 -16.671
 3.625 -14.251 -13.686
 3.750 -12.728 -17.019
 3.875 -17.699 -55.269
 4.000 -28.880 -18.500
 4.125 -15.943 -16.991
 4.250 -16.200 -27.777
 4.375 -48.750 -16.916
 4.500 -12.473  -9.707
 4.625  -6.571  -7.292
 4.750  -4.481  -7.587
 4.875  -4.768 -10.423
 5.000  -7.248 -16.740
 5.125 -12.465 -26.162
 5.250 -22.859 -22.616
 5.375 -30.553 -24.773
 5.500 -29.933 -46.675
 5.625 -42.241 -27.681
 5.750 -27.308 -26.240
 5.875 -27.583 -35.986


533.7 ELAPSED SECONDS.




EXIT

-ST


----

11-AUG-72 11:10


FEED AMPLITUDES: 0 0.400 0.725
DIFFERENTIAL PHASE: 78.750

3 DB BEAMWIDTH IS  0.5035
PEAK IS  15.4932 DB AT BEARING  0.8861
SIDELOBES ARE 20.758 AND 18.711 DB DOWN

FAR FIELD:

 ANGLE   DBL     DBR

 0.875  15.488  15.488
 1.000  14.647  14.905
 1.125  12.231  12.805
 1.250   7.676   8.755
 1.375  -1.163   1.247
 1.500 -15.404 -40.203
 1.625  -4.951  -5.893
 1.750  -7.570  -6.726
 1.875 -43.150 -19.989
 2.000  -8.913 -11.281
 2.125  -6.531  -7.195
 2.250 -10.436  -9.628
 2.375 -30.809 -26.712
 2.500  -9.796 -12.342
 2.625  -7.324  -8.402
 2.750 -10.205 -10.095
 2.875 -27.542 -20.383
 3.000 -13.134 -16.807
 3.125  -9.245 -10.955
 3.250 -10.990 -11.599
 3.375 -21.430 -18.811
 3.500 -17.816 -23.377
 3.625 -12.325 -14.735
 3.750 -13.830 -14.966
 3.875 -26.043 -22.857
 4.000 -18.617 -24.234
 4.125 -14.526 -17.395
 4.250 -19.890 -20.188
 4.375 -18.184 -28.088
 4.500  -7.988 -13.423
 4.625  -4.229  -9.311
 4.750  -3.219  -8.634
 4.875  -4.295 -10.717
 5.000  -7.482 -16.33
 5.875 -32.565 -28.221

3 DB BEAMWIDTH IS  0.5036
PEAK IS  15.4969 DB AT BEARING  0.9552
SIDELOBES ARE 17.832 AND 20.733 DB DOWN

FAR FIELD:

 ANGLE   DBL     DBR

 1.000  15.407  15.407
 1.125  15.207  14.168
 1.250  13.540  11.261
 1.375  10.090   5.914
 1.500   3.812  -5.415
 1.625 -11.789  -9.422
 1.750  -7.273  -4.892
 1.875  -5.708865
 2.000 -13.559 -19.551
 2.125 -14.480  -7.599
 2.250  -7.479  -6.920
 2.375  -8.317 -13.076
 2.500 -17.751 -18.632
 2.625 -15.040   -9.067 -12.087
 3.000 -15.837 -29.778
 3.125 -21.014 -11.363
 3.250 -11.523  -9.168
 3.
PEAK IS  15.5086 DB AT BEARING  1.0176
SIDELOBES ARE 18.846 AND 20.649 DB DOWN

FAR FIELD:

 ANGLE   DBL     DBR

 1.000  15.495  15.495
 1.125  14.581  14.985
 1.250  12.087  12.963
 1.375   7.439   9.003
 1.500  -1.568   1.633
 1.625 -15.074 -32.265
 1.750  -5.219  -5.632
 1.875  -8.021  -6.272
 2.000-146.308 -18.979
 2.125  -9.256 -10.947
 2.250  -7.039  -6.651
 2.375 -11.118  -8.915
 2.500 -29.892 -25.076
 2.625 -10.367 -11.735
 2.750  -8.053  -7.592
 2.875 -11.090  -9.118
 3.000 -29.428 -19.012
 3.125 -13.912.137 -10.276
 3.500 -22.977 -17.187
 3.625 -18.868 -21
 4.125 -20.186 -22.370
 4.250 -16.434 -15.00331  -5.122
 4.875  -7.017  -3.416
 5.000  -9.


FEED AMPLITUDES: 0 0.570 0.570
DIFFERENTIAL PHASE: 95.625

3 DB BEAMWIDTH IS  0.5036
PEAK IS  15.5138 DB AT BEARING  1.0799
SIDELOBES ARE 19.932 AND 20.566 DB DOWN

FAR FIELD:

 ANGLE   DBL     DBR

 1.125  15.422  15.422
 1.250  15.225  14.183
 1.375  13.559  11.281
 1.500  10.102   5.960
 1.625   3.786  -5.199
 1.750 -12.213  -9.780
 1.875  -6.991  -5.029
 2.000  -5.558  -9.868
 2.125 -13.609 -20.340
 2.250 -13.977  -7.897
 2.375  -7.165  -7.146
 2.500  -8.066 -13.162
 2.625 -17.748 -19.380
 2.750 -14.450  -8.971
 2.875  -8.263  -7.908
 3.000  -8.661 -12.364
 3.125 -15.560 -31.689
 3.250 -20.119 -11.966
 3.375 -10.887  -9.708
 3.500 -10.243 -12.792
 3.625 -15.262 -30.638
 3.750 -30.363 -16.143
 3.875 -14.629 -12.804
 4.000 -13.352 -15.801
 4.125 -18.655 -41.874
 4.250 -28.318 -17.551
 4.375 -16.528 -15.586
 4.500 -17.124 -25.142
 4.625 -49.790 -15.686
 4.750 -13.075  -7.876
 4.875  -7.469  -4.933
 5.000  -5.615  -4.519
 5.125  -6.189  -6.194
 5.250  -9.110 -10.147
 5.375 -15.201 -17.369
 5.500 -27.152 -29.395
 5.625 -26.137 -30.421
 5.750 -28.828 -46.556
 5.875 -39.987 -30.292
 6.000 -26.947 -27.810
 6.125 -27.761 -36.204


136.0 ELAPSED SECONDS.




EXIT

-ST


----

11-AUG-72 11:23


FEED AMPLITUDES: 0 0.570 0.570
DIFFERENTIAL PHASE: 101.250

3 DB BEAMWIDTH IS  0.5036
PEAK IS  15.5126 DB AT BEARING  1.1423
SIDELOBES ARE 21.104 AND 19.873 DB DOWN

FAR FIELD:

 ANGLE   DBL     DBR

 1.125  15.499  15.499
 1.250  14.587  14.987
 1.375  12.091  12.966
 1.500   7.425   9.018
 1.625  -1.677   1.707
 1.750 -14.409 -28.327
 1.875  -5.036  -5.845
 2.000  -7.943  -6.373
 2.125 -43.339 -18.642
 2.250  -8.909 -11.344
 2.375  -6.772  -6.925
 2.500 -10.940  -9.114
 2.625 -28.255 -24.539
 2.750  -9.898 -12.241
 2.875  -7.645  -8.000
 3.000 -10.740  -9.472
 3.125 -30.107 -19.105
 3.250 -13.259 -16.692
 3.375  -9.637 -10.409
 3.500 -11.583 -10.818
 3.625 -22.700 -17.595
 3.750 -17.936 -23.373
 3.875 -12.820 -13.964
 4.000 -14.562 -13.893
 4.125 -27.770 -21.214
 4.250 -18.951 -23.698
 4.375 -15.243 -16.136
 4.500 -21.154 -18.394
 4.625 -18.393 -27.933
 4.750  -8.708 -11.693
 4.875  -5.173  -6.999
 5.000  -4.384  -5.599
 5.125  -5.742  -6.516
 5.250  -9.369  -9.766
 5.375 -16.209 -16.220
 5.500 -29.116 -27.230
 5.625 -29.741 -26.380
 5.750 -39.011 -31.015
 5.875 -31.225 -35.71
 3.500 -10.298 -10.295
 3.625  -9.693 -13.324
 3.750 -14.788 -30.267
 3.875 -28.803 -17.049
 4.000 -13.809 -13.634
 4.125 -12.567 -16.584
 4.250 -17.944 -40.041
 4.375 -26.799 -18.774
 4.500 -15.394 -16.771
 4.625 -16.010 -25.999
 4.750 -42.356 -17.508
 4.875 -11.389  -9.786
 5.000  -5.627  -7.135
 5.125  -3.476  -7.210
 5.250  -3.569  -9.744
 5.375  -5.655 -15.479
 5.500  -9.995 -25.633
 5.625 -17.661 -23.489
 5.750 -31.764 -24.830
 5.875 -35.102 -41.973
 6.000 -42.680 -28.304
 6.125 -29.125 -26.229
 6.250 -29.455 -34.598


111.3 ELAPSED SECONDS.




EXIT

-ST


----

11-AUG-72 11:27


FEED AMPLITUDES: 0 0.570 0.570
DIFFERENTIAL PHASE: 112.500

3 DB BEAMWIDTH IS  0.5036
PEAK IS  15.4909 DB AT BEARING  1.2670
SIDELOBES ARE 20.762 AND 17.749 DB DOWN

FAR FIELD:

 ANGLE   DBL     DBR

 1.250  15.478  15.478
 1.375  14.568  14.963
 1.500  12.069  12.943
 1.625   7.384   9.007
 1.750  -1.816   1.754
 1.875 -13.808 -25.681
 2.000  -4.881  -6.088
 2.125  -7.896  -6.504
 2.250 -37.134 -18.362
 2.375  -8.593 -11.777
 2.500  -6.536  -7.230
 2.625 -10.797  -9.345
 2.750 -26.820 -24.107
 2.875  -9.465 -12.787
 3.000  -7.273  -8.445
 3.125 -10.429  -9.865
 3.250 -31.004 -19.251
 3.375 -12.642 -17.481
 3.500  -9.093 -11.042
 3.625 -11.080 -11.410
 3.750 -22.497 -18.063
 3.875 -17.068 -24.572
 4.000 -12.057 -14.851
 4.125 -13.832 -14.747
 4.250 -27.493 -21.932
 4.375 -17.823 -25.148
 4.500 -14.174 -17.394
 4.625 -20.220 -19.625
 4.750 -16.752 -30.402
 4.875  -7.078 -13.655
 5.000  -3.355  -9.225
 5.125  -2.259  -8.306
 5.250  -3.134 -10.081
 5.375  -5.925 -15.113
 5.500 -11.017 -24.502
 5.625 -19.645 -21.349
 5.750 -35.411 -20.849
 5.875 -45.662 -27.532
 6.000 -34.443 -34.058
 6.125 -29.434 -25.477
 6.250 -34.947 -27.828


112.9 ELAPSED SECONDS.




EXIT

-ST


----

11-AUG-72 11:29


FEED AMPLITUDES: 0 0.725 0.400
DIFFERENTIAL PHASE: 118.125

3 DB BEAMWIDTH IS  0.5036
PEAK IS  15.4967 DB AT BEARING  1.3361
SIDELOBES ARE 18.800 AND 20.728 DB DOWN

FAR FIELD:

 ANGLE   DBL     DBR

 1.375  15.429  15.429
 1.500  15.162  14.262
 1.625  13.420  11.445
 1.750   9.869   6.253
 1.875   3.395  -4.512
 2.000 -13.581 -10.181
 2.125  -6.935  -4.881
 2.250  -5.841  -9.379
 2.375 -14.403 -21.487
 2.500 -13.748  -7.838
 2.625  -7.385  -6.856
 2.750  -8.507 -12.518
 2.875 -18.824 -20.045
 3.000 -14.431  -8.818
 3.125  -8.619  -7.545
 3.250  -9.221 -11.731
 3.375 -16.512 -35.302
 3.500 -19.999 -11.779
 3.625 -11.383  -9.277
 3.750 -10.963 -12.123
 3.875 -16.295 -28.130
 4.000 -29.483 -15.932
 4.125 -15.339 -12.267
 4.250 -14.352 -14.981
 4.375 -20.054 -36.282
 4.500 -28.423 -17.148
 4.625 -17.708 -14.807
 4.750 -18.754 -23.378
 4.875 -41.825 -15.380
 5.000 -14.726  -7.151
 5.125  -9.691  -3.983
 5.250  -8.517  -3.342
 5.375 -10.167  -4.726
 5.500 -15.236  -8.227
 5.625 -24.641 -14.579
 5.750 -20.280 -26.293
 5.875 -19.612 -33.489
 6.000 -25.517 -45.202
 6.125 -36.222 -31.121
 6.250 -25.108 -27.888
 6.375 -26.685 -35.246


 95.6 ELAPSED SECONDS.




EXIT

-ST


----

11-AUG-72 11:30


FEED AMPLITUDES: 0 0.725 0.400
DIFFERENTIAL PHASE: 123.750

3 DB BEAMWIDTH IS  0.5036
PEAK IS  15.5075 DB AT BEARING  1.3985
SIDELOBES ARE 19.918 AND 20.644 DB DOWN

FAR FIELD:

 ANGLE   DBL     DBR

 1.375  15.483  15.483
 1.500  14.499  15.041
 1.625  11.921  13.096
 1.750   7.140   9.249
 1.875  -2.240   2.127
 2.000 -13.599 -23.283
 2.125  -5.169  -5.853
 2.250  -8.374  -6.076
 2.375 -34.034 -17.468
 2.500  -8.974 -11.494
 2.625  -7.085  -6.731
 2.750 -11.534  -8.687
 2.875 -26.490 -22.757
 3.000 -10.109 -12.266
 3.125  -8.083  -7.723
 3.250 -11.412  -8.990
 3.375 -33.555 -18.035
 3.500 -13.565 -16.793
 3.625 -10.223 -10.070
 3.750 -12.398 -10.269
 3.875 -24.292 -16.660
 4.000 -18.361 -23.774
 4.125 -13.643 -13.543
 4.250 -15.671 -13.215
 4.375 -30.078 -20.053
 4.500 -19.805 -23.764
 4.625 -16.553 -15.504
 4.750 -23.152 -17.351
 4.875 -19.485 -29.021
 5.000 -10.471 -11.076
 5.125  -7.441  -6.097
 5.250  -7.315  -4.456
 5.375  -9.744  -5.077
 5.500 -15.518  -7.876
 5.625 -25.677 -13.465
 5.750 -22.285 -24.179
 5.875 -23.303 -29.568
 6.000 -36.485 -31.691
 6.125 -28.457 -37.240
 6.250 -25.487 -27.221
 6.375 -32.360 -28.767


 93.9 ELAPSED SECONDS.




EXIT

-ST


----

11-AUG-72 11:32


FEED AMPLITUDES: 0 0.725 0.400
DIFFERENTIAL PHASE: 129.375

3 DB BEAMWIDTH IS  0.5036
PEAK IS  15.5117 DB AT BEARING  1.4608
SIDELOBES ARE 20.535 AND 20.559 DB DOWN

FAR FIELD:

 ANGLE   DBL     DBR

 1.500  15.443  15.443
 1.625  15.179  14.274
 1.750  13.438  11.462
 1.875   9.878   6.295
 2.000   3.364  -4.318
 2.125 -14.121 -10.581
 2.250  -6.665  -5.027
 2.375  -5.695  -9.398
 2.500 -14.483 -22.452
 2.625 -13.268  -8.149
 2.750  -7.073  -7.092
 2.875  -8.258 -12.625
 3.000 -18.865 -20.891
 3.125 -13.857  -9.256
 3.250  -8.170  -7.924
 3.375  -8.815 -12.026
 3.500 -16.248 -38.812
 3.625 -19.145 -12.406
 3.750 -10.746  -9.837
 3.875 -10.359 -12.627
 4.000 -15.765 -27.923
 4.125 -28.012 -16.814
 4.250 -14.447 -13.062
 4.375 -13.483 -15.727
 4.500 -19.252 -35.492
 4.625 -26.856 -18.329
 4.750 -16.440 -15.936
 4.875 -17.474 -24.221
 5.000 -37.744 -17.133
 5.125 -12.762  -8.952
 5.250  -7.454  -6.031
 5.375  -5.778  -5.801
 5.500  -6.527  -7.883
 5.625  -9.681 -12.756
 5.750 -16.170 -22.624
 5.875 -27.162 -26.751
 6.000 -24.989 -25.778
 6.125 -28.847 -40.183
 6.250 -37.744 -28.781
 6.375 -26.575 -26.089
 6.500 -27.920 -33.527


109.4 ELAPSED SECONDS.




EXIT

-ST


----

11-AUG-72 11:34


FEED AMPLITUDES: 0 0.725 0.400
DIFFERENTIAL PHASE: 135.000

3 DB BEAMWIDTH IS  0.5036
PEAK IS  15.5095 DB AT BEARING  1.5232
SIDELOBES ARE 20.617 AND 20.050 DB DOWN

FAR FIELD:

 ANGLE   DBL     DBR

 1.500  15.485  15.485
 1.625  14.504  15.040
 1.750  11.923  13.097
 1.875   7.123   9.261
 2.000  -2.363   2.194
 2.125 -13.031 -21.665
 2.250  -4.991  -6.080
 2.375  -8.305  -6.187
 2.500 -31.321 -17.215
 2.625  -8.632 -11.915
 2.750  -6.819  -7.016
 2.875 -11.364  -8.898
 3.000 -25.256 -22.415
 3.125  -9.643 -12.798
 3.250  -7.674  -8.145
 3.375 -11.064  -9.358
 3.500 -35.006 -18.178
 3.625 -12.907 -17.575
 3.750  -9.630 -10.678
 3.875 -11.842 -10.833
 4.000 -24.071 -17.104
 4.125 -17.438 -25.002
 4.250 -12.806 -14.397
 4.375 -14.858 -14.030
 4.500 -29.797 -20.739
 4.625 -18.570 -25.206
 4.750 -15.349 -16.708
 4.875 -22.070 -18.518
 5.000 -17.647 -31.648
 5.125  -8.560 -12.933
 5.250  -5.226  -8.170
 5.375  -4.591  -6.932
 5.500  -6.116  -8.248
 5.625  -9.976 -12.419
 5.750 -17.221 -21.527
 5.875 -29.187 -24.663
 6.000 -28.725 -21.917
 6.125 -40.259 -27.472
 6.250 -30.406 -35.303
 6.375 -27.024 -25.507
 6.500 -33.786 -27.322


 82.0 ELAPSED SECONDS.




EXIT

-ST


----

11-AUG-72 11:35


FEED AMPLITUDES: 0 0.725 0.400
DIFFERENTIAL PHASE: 140.625

3 DB BEAMWIDTH IS  0.5036
PEAK IS  15.5007 DB AT BEARING  1.5856
SIDELOBES ARE 20.703 AND 18.932 DB DOWN

FAR FIELD:

 ANGLE   DBL     DBR

 1.625  15.431  15.431
 1.750  15.170  14.260
 1.875  13.429  11.453
 2.000   9.861   6.311
 2.125   3.303  -4.158
 2.250 -14.739 -11.025
 2.375  -6.426  -5.203
 2.500  -5.579  -9.447
 2.625 -14.604 -23.528
 2.750 -12.825  -8.493
 2.875  -6.793  -7.360
 3.000  -8.043 -12.767
 3.125 -18.958 -21.808
 3.250 -13.322  -9.732
 3.375  -7.758  -8.341
 3.500  -8.448 -12.363
 3.625 -16.031 -44.092
 3.750 -18.347 -13.082
 3.875 -10.156 -10.447
 4.000  -9.806 -13.186
 4.125 -15.293 -27.847
 4.250 -26.660 -17.768
 4.375 -13.624 -13.932
 4.500 -12.692 -16.557
 4.625 -18.542 -35.075
 4.750 -25.421 -19.630
 4.875 -15.297 -17.205
 5.000 -16.349 -25.260
 5.125 -34.419 -19.120
 5.250 -11.054 -11.060
 5.375  -5.574  -8.528
 5.500  -3.581  -8.988
 5.625  -3.816 -12.440
 5.750  -6.066 -20.834
 5.875 -10.641 -23.129
 6.000 -18.723 -19.135
 6.125 -31.919 -21.688
 6.250 -34.364 -36.693
 6.375 -40.327 -27.190
 6.500 -28.628 -24.750
 6.625 -29.540 -32.143


 94.6 ELAPSED SECONDS.




EXIT

-ST


----

11-AUG-72 11:37


FEED AMPLITUDES: 0 0.847 0.244
DIFFERENTIAL PHASE: 146.250

3 DB BEAMWIDTH IS  0.5035
PEAK IS  15.5134 DB AT BEARING  1.6536
SIDELOBES ARE 20.523 AND 20.739 DB DOWN

FAR FIELD:

 ANGLE   DBL     DBR

 1.625  15.477  15.477
 1.750  14.433  15.093
 1.875  11.783  13.213
 2.000   6.895   9.451
 2.125  -2.769   2.500
 2.250 -12.839 -20.013
 2.375  -5.237  -5.945
 2.500  -8.736  -5.871
 2.625 -29.743 -16.491
 2.750  -8.951 -11.789
 2.875  -7.298  -6.682
 3.000 -12.030  -8.425
 3.125 -25.032 -21.365
 3.250 -10.206 -12.514
 3.375  -8.399  -7.676
 3.500 -11.964  -8.761
 3.625 -38.385 -17.287
 3.750 -13.753 -17.244
 3.875 -10.684 -10.076
 4.000 -13.092 -10.096
 4.125 -25.857 -16.154
 4.250 -18.699 -24.764
 4.375 -14.375 -13.632
 4.500 -16.711 -13.096
 4.625 -32.544 -19.536
 4.750 -20.669 -24.613
 4.875 -17.919 -15.659
 5.000 -25.329 -17.200
 5.125 -20.878 -31.678
 5.250 -12.718 -11.648
 5.375 -10.579  -6.597
 5.500 -11.939  -5.031
 5.625 -17.672  -5.855
 5.750 -23.008  -9.101
 5.875 -16.292 -15.888
 6.000 -15.409 -30.342
 6.125 -19.141 -24.950
 6.250 -34.660 -28.520
 6.375 -25.682 -36.530
 6.500 -23.514 -25.771
 6.625 -31.271 -27.139


100.8 ELAPSED SECONDS.




EXIT

-ST


----

11-AUG-72 11:39


FEED AMPLITUDES: 0 0.847 0.244
DIFFERENTIAL PHASE: 151.875

3 DB BEAMWIDTH IS  0.5035
PEAK IS  15.5235 DB AT BEARING  1.7160
SIDELOBES ARE 20.478 AND 20.650 DB DOWN

FAR FIELD:

 ANGLE   DBL     DBR

 1.750  15.471  15.471
 1.875  15.149  14.362
 2.000  13.344  11.623
 2.125   9.701   6.567
 2.250   3.032  -3.699
 2.375 -15.696 -11.120
 2.500  -6.540  -4.953
 2.625  -5.888  -9.009
 2.750 -15.236 -24.148
 2.875 -12.964  -8.220
 3.000  -7.172  -6.943
 3.125  -8.572 -12.160
 3.250 -19.905 -21.948
 3.375 -13.719  -9.317
 3.500  -8.373  -7.791
 3.625  -9.214 -11.657
 3.750 -17.067 -55.103
 3.875 -18.929 -12.550
 4.000 -11.069  -9.756
 4.125 -10.900 -12.347
 4.250 -16.630 -26.326
 4.375 -27.341 -17.106
 4.500 -14.983 -13.052
 4.625 -14.308 -15.494
 4.750 -20.501 -32.795
 4.875 -26.979 -18.682
 5.000 -17.486 -15.988
 5.125 -18.998 -23.546
 5.250 -35.780 -17.974
 5.375 -14.409  -9.523
 5.500  -9.763  -6.647
 5.625  -8.950  -6.611
 5.750 -11.177  -9.137
 5.875 -17.633 -15.211
 6.000 -23.686 -28.828
 6.125 -17.811 -22.205
 6.250 -18.169 -22.861
 6.375 -24.877 -36.401
 6.500 -33.529 -27.582
 6.625 -24.004 -24.672
 6.750 -26.113 -31.530


 86.6 ELAPSED SECONDS.




EXIT

-ST


----

11-AUG-72 11:40


FEED AMPLITUDES: 0 0.847 0.244
DIFFERENTIAL PHASE: 157.500

3 DB BEAMWIDTH IS  0.5035
PEAK IS  15.5269 DB AT BEARING  1.7783
SIDELOBES ARE 20.564 AND 20.564 DB DOWN

FAR FIELD:

 ANGLE   DBL     DBR

 1.750  15.491  15.491
 1.875  14.450  15.104
 2.000  11.798  13.224
 2.125   6.890   9.473
 2.250  -2.887   2.573
 2.375 -12.303 -18.850
 2.500  -5.044  -6.173
 2.625  -8.653  -5.979
 2.750 -27.923 -16.273
 2.875  -8.591 -12.220
 3.000  -7.010  -6.966
 3.125 -11.840  -8.635
 3.250 -23.922 -21.104
 3.375  -9.713 -13.056
 3.500  -7.958  -8.101
 3.625 -11.582  -9.133
 3.750 -41.376 -17.453
 3.875 -13.054 -18.055
 4.000 -10.041 -10.693
 4.125 -12.480 -10.669
 4.250 -25.624 -16.617
 4.375 -17.709 -26.090
 4.500 -13.451 -14.508
 4.625 -15.795 -13.935
 4.750 -32.267 -20.260
 4.875 -19.287 -26.143
 5.000 -16.522 -16.912
 5.125 -24.017 -18.432
 5.250 -18.710 -34.809
 5.375 -10.310 -13.623
 5.500  -7.579  -8.837
 5.625  -7.792  -7.776
 5.750 -10.790  -9.533
 5.875 -17.952 -14.904
 6.000 -24.765 -27.767
 6.125 -19.877 -20.169
 6.250 -21.996 -19.115
 6.375 -37.312 -25.013
 6.500 -26.935 -35.052
 6.625 -24.590 -24.265
 6.750 -32.386 -25.831


148.8 ELAPSED SECONDS.




EXIT

-ST


----

11-AUG-72 11:42


FEED AMPLITUDES: 0 0.847 0.244
DIFFERENTIAL PHASE: 163.125

3 DB BEAMWIDTH IS  0.5036
PEAK IS  15.5236 DB AT BEARING  1.8406
SIDELOBES ARE 20.652 AND 20.477 DB DOWN

FAR FIELD:

 ANGLE   DBL     DBR

 1.875  15.470  15.470
 2.000  15.152  14.359
 2.125  13.348  11.623
 2.250   9.696   6.591
 2.375   2.982  -3.540
 2.500 -16.430 -11.593
 2.625  -6.292  -5.126
 2.750  -5.757  -9.059
 2.875 -15.364 -25.443
 3.000 -12.513  -8.565
 3.125  -6.872  -7.211
 3.250  -8.335 -12.308
 3.375 -20.016 -22.959
 3.500 -13.165  -9.798
 3.625  -7.932  -8.211
 3.750  -8.815 -12.000
 3.875 -16.827 -50.338
 4.000 -18.112 -13.239
 4.125 -10.436 -10.376
 4.250 -10.297 -12.918
 4.375 -16.106 -26.374
 4.500 -26.016 -18.089
 4.625 -14.088 -13.945
 4.750 -13.429 -16.354
 4.875 -19.695 -32.760
 5.000 -25.464 -20.039
 5.125 -16.191 -17.319
 5.250 -17.682 -24.705
 5.375 -32.801 -20.096
 5.500 -12.360 -11.800
 5.625  -7.385  -9.414
 5.750  -5.967 -10.304
 5.875  -7.042 -14.955
 6.000 -10.763 -27.105
 6.125 -18.643 -18.676
 6.250 -26.299 -16.406
 6.375 -22.666 -19.474
 6.500 -27.833 -33.410
 6.625 -34.962 -26.210
 6.750 -25.354 -23.468
 6.875 -27.273 -30.269


113.4 ELAPSED SECONDS.




EXIT

-ST


----

11-AUG-72 11:44


FEED AMPLITUDES: 0 0.847 0.244
DIFFERENTIAL PHASE: 168.750

3 DB BEAMWIDTH IS  0.5036
PEAK IS  15.5135 DB AT BEARING  1.9030
SIDELOBES ARE 20.738 AND 20.216 DB DOWN

FAR FIELD:

 ANGLE   DBL     DBR

 1.875  15.478  15.478
 2.000  14.440  15.088
 2.125  11.785  13.208
 2.250   6.858   9.467
 2.375  -3.037   2.618
 2.500 -11.816 -17.862
 2.625  -4.882  -6.433
 2.750  -8.602  -6.117
 2.875 -26.376 -16.102
 3.000  -8.264 -12.690
 3.125  -6.756  -7.283
 3.250 -11.688  -8.880
 3.375 -22.905 -20.912
 3.500  -9.258 -13.642
 3.625  -7.556  -8.565
 3.750 -11.244  -9.547
 3.875 -46.910 -17.671
 4.000 -12.405 -18.927
 4.125  -9.451 -11.362
 4.250 -11.926 -11.299
 4.375 -25.485 -17.144
 4.500 -16.793 -27.535
 4.625 -12.608 -15.464
 4.750 -14.973 -14.864
 4.875 -32.186 -21.094
 5.000 -18.041 -27.831
 5.125 -15.290 -18.320
 5.250 -22.928 -19.861
 5.375 -16.832 -38.553
 5.500  -8.311 -15.964
 5.625  -5.222 -11.631
 5.750  -4.823 -11.488
 5.875  -6.668 -15.366
 6.000 -11.094 -26.814
 6.125 -19.736 -17.633
 6.250 -28.387 -14.396
 6.375 -26.540 -15.785
 6.500 -40.862 -22.577
 6.625 -28.696 -34.248
 6.750 -26.007 -23.150
 6.875 -33.764 -24.803


103.0 ELAPSED SECONDS.




EXIT

-ST


----

11-AUG-72 11:46


FEED AMPLITUDES: 0 1 0
DIFFERENTIAL PHASE: 174.375

3 DB BEAMWIDTH IS  0.5032
PEAK IS  15.4641 DB AT BEARING  1.9736
SIDELOBES ARE 20.272 AND 20.862 DB DOWN

FAR FIELD:

 ANGLE   DBL     DBR

 2.000  15.433  15.433
 2.125  15.024  14.410
 2.250  13.125  11.768
 2.375   9.365   6.846
 2.500   2.503  -3.067
 2.625 -17.784 -11.681
 2.750  -6.690  -4.810
 2.75  -9.384 -11.535
 3.500 -21.590 -23.017
 3.625 -14.218  -9.176
 3.750  -9.271  -7.432
 3.875 -10.390 -11.047
 4.000 -18.779 -41.296
 4.125 -19.721 -12.425
 4.250 -12.480  -9.376
 4.375 -12.664 -11.749
 4.500 -18.888 -24.594
 4.625 -28.413 -17.064
 4.750 -17.327 -12.666
 4.875 -17.223 -14.863
 5.000 -24.222 -30.284
 5.125 -30.128 -18.606
 5.250 -22.148 -15.567
 5.375 -25.140 -22.435
 5.500 -41.099 -18.311
 5.625 -25.651  -9.502
 5.750 -33.819  -6.604
 5.875 -18.796  -6.679
 6.000 -10.457  -9.549
 6.125  -6.640 -16.892
 6.250  -5.401 -29.564
 6.375  -6.385 -19.297
 6.500 -10.005 -20.554
 6.625 -18.769 -33.111
 6.750 -27.213 -26.437
 6.875 -19.307 -23.168
 7.000 -22.326 -29.422


102.5 ELAPSED SECONDS.




EXIT

-ST


----

11-AUG-72 11:48


FEED AMPLITUDES: 0 1 0
DIFFERENTIAL PHASE: 180.000

3 DB BEAMWIDTH IS  0.5033
PEAK IS  15.4866 DB AT BEARING  2.0358
SIDELOBES ARE 20.363 AND 20.853 DB DOWN

FAR FIELD:

 ANGLE   DBL     DBR

 2.000  15.429  15.429
 2.125  14.300  15.126
 2.250  11.546  13.336
 2.375   6.498   9.693
 2.500  -3.622   2.981
 2.625 -11.880 -16.581
 2.750  -5.365  -6.206
 2.875  -9.314  -5.680
 3.000 -25.887 -15.283
 3.125  -8.946 -12.420
 3.250  -7.645  -6.765
 3.375 -12.824  -8.203
 3.500 -23.375 -19.737
 3.625 -10.407 -13.129
 3.750  -8.936  -7.831
 3.875 -12.880  -8.663
 4.000-154.192 -16.497
 4.125 -14.176 -18.307
 4.250 -11.538 -10.413
 4.375 -14.343 -10.188
 4.500 -28.685 -15.803
 4.625 -19.567 -27.027
 4.750 -15.900 -14.250
 4.875 -18.824 -13.441
 5.000 -37.541 -19.377
 5.125 -22.957 -26.759
 5.250 -21.310 -16.646
 5.375 -30.627 -17.846
 5.500 -26.059 -38.941
 5.625 -21.650 -13.731
 5.750 -31.676  -8.849
 5.875 -17.665  -7.881
 6.000 -10.094  -9.976
 6.125  -6.983 -16.616
 6.250  -6.508 -28.539
 6.375  -8.493 -17.314
 6.500 -13.925 -16.921
 6.625 -32.463 -22.778
 6.750 -21.249 -35.125
 6.875 -20.028 -22.940
 7.000 -29.046 -24.179


102.6 ELAPSED SECONDS.




EXIT

-ST


----

11-AUG-72 11:50


FEED AMPLITUDES: 0 1 0
DIFFERENTIAL PHASE: 185.625

3 DB BEAMWIDTH IS  0.5033
PEAK IS  15.5018 DB AT BEARING  2.0981
SIDELOBES ARE 20.456 AND 20.756 DB DOWN

FAR FIELD:

 ANGLE   DBL     DBR

 2.125  15.469  15.469
 2.250  15.066  14.442
 2.375  13.170  11.802
 2.500   9.403   6.901
 2.625   2.497  -2.887
 2.750 -18.662 -12.169
 2.
 3.375  -7.344  -6.891
 3.500  -9.072 -11.669
 3.625 -21.670 -24.140
 3.750 -13.578  -9.643
 3.875  -8.728  -7.837
 4.000  -9.878 -11.378
 4.125 -18.426 -37.637
 4.250 -18.779 -13.110
 4.375 -11.685  -9.987
 4.500 -11.874 -12.314
 4.625 -18.154 -24.719
 4.750 -26.900 -18.058
 4.875 -16.127 -13.562
 5.000 -15.970 -15.730
 5.125 -22.954 -30.467
 5.250 -28.042 -19.992
 5.375 -20.030 -16.928
 5.500 -22.635 -23.669
 5.625 -36.531 -20.524
 5.750 -19.934 -11.889
 5.875 -18.784  -9.562
 6.000 -30.097 -10.780
 6.125 -16.941 -16.697
 6.250 -10.091 -27.910
 6.375  -7.699 -15.862
 6.500  -8.076 -14.282
 6.625 -11.340 -17.469
 6.750 -19.973 -30.381
 6.875 -27.563 -25.173
 7.000 -19.854 -22.022
 7.125 -22.881 -28.222


160.8 ELAPSED SECONDS.




EXIT

-DEL PARD.REL

FILES DELETED:
PARD    REL

-
-
-
-
-
-LOG
1746.94 TRU
TERMINAL TIME: 1:28:24

  k@Yâ