 
 
 RAM30 TEST 5/28/73 TYMSHARE - BIL CONIS                                 
 
 
 CHART 1
            R  E  V  E  N  U  E          OPERATING EXPENSES - NON-CASH
                                        DEPR AT  EXCESS   OTHER   TOT NON
 YEAR  STREAM 1  STREAM 2     TOTAL     ST.LINE  DEPR'N EXPENSE  CASH EXP
 
    1         0         0         0           0       0  150000    150000
    2    600000         0    600000           0   25833       0     85833
    3    600000         0    600000           0   35843       0    125843
    4    600000         0    600000           0   31593       0    121593
    5    600000         0    600000           0   27502       0    117502
    6    600000         0    600000           0   23564       0    113564
    7    600000         0    600000           0   19774       0    109774
    8    600000         0    600000           0   16127       0    106127
    9    600000         0    600000           0   12616       0    102616
   10    600000         0    600000           0    9236       0     99236
   11    600000         0    600000           0    5984       0     95984
   12    600000         0    600000           0    2853       0     92853
   13    600000         0    600000           0    -159       0     89840
   14    600000         0    600000           0   -3060       0     86939
   15    600000         0    600000           0   -5851       0     84148
   16    600000         0    600000           0   -7374       0     82625
   17    600000         0    600000           0   -7676       0     82323
   18    600000         0    600000           0   -7676       0     82323
   19    600000         0    600000           0   -7676       0     82323
   20    600000         0    600000           0   -7676       0     82323
   21    600000         0    600000           0   -7676       0     82323
   22    600000         0    600000           0   -7676       0     82323
   23    600000         0    600000           0   -7676       0     82323
   24    600000         0    600000           0   -7676       0     82323
   25    600000         0    600000           0   -7676       0     82323
   26    600000         0    600000           0   -7676       0     82323
   27    600000         0    600000           0   -7676       0     82323
   28    600000         0    600000           0   -7676       0     82323
   29    600000         0    600000           0   -7676       0     82323
   30    600000         0    600000           0   43989       0     82323
 
 
 
 
 
 CHART 2         O P E R A T I N G   E X P E N S E S  -  C A S H
 
         MNG'T     REAL    LENDER  MORTGAGE  OTHER OPER.EXPENSE  TOT CASH
 YEAR      FEE  EST TAX    PART N  INTEREST  STREAM 1  STREAM 2   EXPENSE
 
    1        0    50000         0         0         0         0     50000
    2    30000    50000         0    213116     30000         0    323116
    3    30000    50000         0    318705     30599         0    429305
    4    30000    50000         0    317456     31211         0    428668
    5    30000    50000         0    316104     31836         0    427940
    6    30000    50000         0    314639     32472         0    427112
    7    30000    50000         0    313053     33122         0    426176
    8    30000    50000         0    311336     33784         0    425120
    9    30000    50000         0    309475     34460         0    423936
   10    30000    50000         0    307461     35149         0    422611
   11    30000    50000         0    305279     35852         0    421132
   12    30000    50000         0    302916     36569         0    419485
   13    30000    50000         0    300357     37301         0    417658
   14    30000    50000         0    297585     38047         0    415632
   15    30000    50000         0    294583     38808         0    413392
   16    30000    50000         0    291333     39584         0    410917
   17    30000    50000         0    287812     40376         0    408188
   18    30000    50000         0    284000     41183         0    405183
   19    30000    50000         0    279871     42007         0    401878
   20    30000    50000         0    275398     42847         0    398246
   21    30000    50000         0    270556     43704         0    394260
   22    30000    50000         0    265311     44578         0    389889
   23    30000    50000         0    259630     45469         0    385100
   24    30000    50000         0    253479     46379         0    379858
   25    30000    50000         0    246816     47306         0    374123
   26    30000    50000         0    239600     48253         0    367853
   27    30000    50000         0    231787     49218         0    361005
   28    30000    50000         0    223324     50202         0    353526
   29    30000    50000         0    214159     51206         0    345365
   30    30000    50000         0    204234     52230         0    336464
 
 
 
 
 
 CHART 3                      PROFIT/LOSS AND CASH FLOW
 
      TOT OPER  PROFIT    ADD: NON    LESS OTHER CASH     CASH FLOW
 YEAR  EXPENSE OR LOSS   CASH EXP  PRIN PAY WORK CAP   FR OPR BEF DEB SER
 
    1   200000 -200000      150000         0    16000  -66000      -66000
    2   408949  191050       85833      9383    16000  251500      474000
    3   555149   44850      125843     15043    16000  139650      473400
    4   550262   49737      121593     16292    16000  139038      472788
    5   545443   54556      117502     17644    16000  138414      472163
    6   540677   59322      113564     19109    16000  137777      471527
    7   535951   64048      109774     20695    16000  137128      470877
    8   531248   68751      106127     22413    16000  136465      470215
    9   526552   73447      102616     24273    16000  135790      469539
   10   521847   78152       99236     26288    16000  135100      468850
   11   517116   82883       95984     28470    16000  134397      468147
   12   512339   87660       92853     30833    16000  133680      467430
   13   507498   92501       89840     33392    16000  132949      466698
   14   502572   97427       86939     36163    16000  132203      465952
   15   497540  102459       84148     39165    16000  131442      465191
   16   493543  106456       82625     42415    16000  130666      464415
   17   490511  109488       82323     45936    16000  129874      463623
   18   487506  112493       82323     49749    16000  129067      462816
   19   484201  115798       82323     53878    16000  128243      461992
   20   480569  119430       82323     58350    16000  127403      461152
   21   476583  123416       82323     63193    16000  126546      460295
   22   472212  127787       82323     68438    16000  125672      459421
   23   467423  132576       82323     74118    16000  124780      458530
   24   462181  137818       82323     80270    16000  123871      457620
   25   456446  143553       82323     86933    16000  122943      456693
   26   450176  149823       82323     94148    16000  121997      455746
   27   443328  156671       82323    101962    16000  121032      454781
   28   435849  164150       82323    110424    16000  120048      453797
   29   427688  172311       82323    119590    16000  119044      452793
   30   418787  181212       82323   2611421    16000-2363886      451769
 
 
 
 
 
 CHART 4               NET PROCEEDS OF PROPERTY SALE
 
        PROJECTED   MORTGAGE   NET SALE        LESS   LESS CAP   NET SALE
 YEAR   MKT VALUE    PAYBACK   PROCEEDS   RECAPTURE   GAIN TAX    BENEFIT
 
    1      600000          0     600000           0          0     600000
    2     4590616    3990616     600000       15500     157715     426784
    3     4575572    3975572     600000       37006     183950     379043
    4     4559280    3959280     600000       55962     209748     334289
    5     4541635    3941635     600000       72463     235072     292463
    6     4522526    3922525     600000       86602     259884     253513
    7     4501830    3901830     600000       98467     284140     217391
    8     4479417    3879417     600000      108143     307796     184060
    9     4455143    3855143     600000      115713     330800     153486
   10     4428855    3828855     600000      116405     355928     127666
   11     4400385    3800385     600000      104870     386287     108842
   12     4369552    3769552     600000       91121     416014      92863
   13     4336160    3736160     600000       75877     444663      79459
   14     4299996    3699996     600000       59820     471801      68377
   15     4260831    3660831     600000       43601     497007      59391
   16     4218415    3618415     600000       28005     520177      51816
   17     4172478    3572478     600000       13450     541403      45146
   18     4122729    3522729     600000           0     560650      39349
   19     4068850    3468850     600000           0     570606      29393
   20     4010500    3410500     600000           0     578996      21003
   21     3947307    3347307     600000           0     585691      14308
   22     3878868    3278868     600000           0     590551       9448
   23     3804750    3204750     600000           0     593423       6576
   24     3724480    3124480     600000           0     594141       5858
   25     3637547    3037547     600000           0     592528       7471
   26     3543398    2943398     600000           0     588389      11610
   27     3441436    2841436     600000           0     581515      18484
   28     3331011    2731011     600000           0     571679      28320
   29     3211421    2611421     600000           0     558636      41363
   30      600000          0     600000           0          0     600000
 
 
 
 CHART 5             I N V E S T M E N T   A N A L Y S I S
 
         SHARE P/L SHARE  B E N E F I T SHARE OF      ROI  PRES VALUE
       OF CASH CASH EQUI                 NET SALE     NOT  OF BENEFITS
 YEAR  DISTRIB    VALENT ANNUAL CUMULAT  BENEFIT     DISC  AT   15.%
 
    1   -66000    120000  54000   54000   600000     0.00          0.00
    2   251500   -114630 136870  190870   426784     0.00          0.00
    3   139650    -26910 112740  303610   379043     0.00          0.00
    4   139038    -29842 109195  412806   334289     0.00          0.00
    5   138414    -32734 105680  518486   292463     0.00          0.00
    6   137777    -35593 102184  620670   253513     0.00          0.00
    7   137128    -38429  98698  719369   217391     0.00          0.00
    8   136465    -41251  95214  814584   184060     0.00          0.00
    9   135790    -44068  91721  906305   153486     0.00          0.00
   10   135100    -46891  88209  994515   127666     0.00          0.00
   11   134397    -49730  84667 1079182   108842     0.00          0.00
   12   133680    -52596  81084 1160267    92863     0.00          0.00
   13   132949    -55500  77448 1237716    79459     0.00          0.00
   14   132203    -58456  73747 1311463    68377     0.00          0.00
   15   131442    -61475  69966 1381429    59391     0.00          0.00
   16   130666    -63874  66792 1448221    51816     0.00          0.00
   17   129874    -65692  64181 1512403    45146     0.00          0.00
   18   129067    -67495  61571 1573974    39349     0.00          0.00
   19   128243    -69479  58764 1632738    29393     0.00          0.00
   20   127403    -71658  55744 1688483    21003     0.00          0.00
   21   126546    -74049  52496 1740980    14308     0.00          0.00
   22   125672    -76672  48999 1789979     9448     0.00          0.00
   23   124780    -79545  45235 1835214     6576     0.00          0.00
   24   123871    -82691  41180 1876395     5858     0.00          0.00
   25   122943    -86132  36811 1913206     7471     0.00          0.00
   26   121997    -89893  32103 1945310    11610     0.00          0.00
   27   121032    -94002  27029 1972339    18484     0.00          0.00
   28   120048    -98490  21558 1993897    28320     0.00          0.00
   29   119044   -103386  15657 2009555    41363     0.00          0.00
   30 -2363886   -108727******* -463058   600000    -0.00          0.00
 
 
 
 
 
 APPENDIX 1
 
           D E B T   S E R V I C E   MORTGAGE                    UNDEPREC
 YEAR     TOTAL  INTEREST  PRIN PAY   BALANCE         DEPREC'N    BALANCE
 
    1         0         0         0         0                 0         0
    2    222499    213116      9383   3990616             85833   3514166
    3    333749    318705     15043   3975572            125843   3388322
    4    333749    317456     16292   3959280            121593   3266729
    5    333749    316104     17644   3941635            117502   3149227
    6    333749    314639     19109   3922525            113564   3035662
    7    333749    313053     20695   3901830            109774   2925887
    8    333749    311336     22413   3879417            106127   2819760
    9    333749    309475     24273   3855143            102616   2717144
   10    333749    307461     26288   3828855             99236   2617907
   11    333749    305279     28470   3800385             95984   2521923
   12    333749    302916     30833   3769552             92853   2429070
   13    333749    300357     33392   3736160             89840   2339230
   14    333749    297585     36163   3699996             86939   2252290
   15    333749    294583     39165   3660831             84148   2168142
   16    333749    291333     42415   3618415             82625   2085516
   17    333749    287812     45936   3572478             82323   2003193
   18    333749    284000     49749   3522729             82323   1920870
   19    333749    279871     53878   3468850             82323   1838547
   20    333749    275398     58350   3410500             82323   1756224
   21    333749    270556     63193   3347307             82323   1673901
   22    333749    265311     68438   3278868             82323   1591578
   23    333749    259630     74118   3204750             82323   1509255
   24    333749    253479     80270   3124480             82323   1426932
   25    333749    246816     86933   3037547             82323   1344609
   26    333749    239600     94148   2943398             82323   1262286
   27    333749    231787    101962   2841436             82323   1179963
   28    333749    223324    110424   2731011             82323   1097640
   29    333749    214159    119590   2611421             82323   1015317
   30   2815655    204234   2611421         0             82323    932994
 
 
 
 
 
 APPENDIX 2         CAPITAL GAIN TAX & RECAPTURE COMPUTATION
 
      PROJECTED PROPERTY  CAP GAIN DEPR SUBJ  TAXABLE              CAPITAL
 YEAR MKT VALUE    BASIS  EX RECAP  TO RECAP CAP GAIN RECAPTURE   GAIN TAX
 
    1    600000  4200000  -3600000         0        0         0         0
    2   4590616  4114166    476450     25833   450616     15500    157715
    3   4575572  3988322    587250     61677   525572     37006    183950
    4   4559280  3866729    692550     93270   599280     55962    209748
    5   4541635  3749227    792408    120772   671635     72463    235072
    6   4522526  3635662    886863    144337   742525     86602    259884
    7   4501830  3525887    975942    164112   811830     98467    284140
    8   4479417  3419760   1059656    180239   879417    108143    307796
    9   4455143  3317144   1137999    192855   945143    115713    330800
   10   4428855  3217907   1210947    194008  1016939    116405    355928
   11   4400385  3121923   1278461    174784  1103677    104870    386287
   12   4369552  3029070   1340482    151869  1188612     91121    416014
   13   4336160  2939230   1396930    126461  1270468     75877    444663
   14   4299996  2852290   1447706     99700  1348005     59820    471801
   15   4260831  2768142   1492689     72668  1420020     43601    497007
   16   4218415  2685516   1532898     46675  1486222     28005    520177
   17   4172478  2603193   1569284     22416  1546867     13450    541403
   18   4122729  2520870   1601858         0  1601858         0    560650
   19   4068850  2438547   1630303         0  1630303         0    570606
   20   4010500  2356224   1654275         0  1654275         0    578996
   21   3947307  2273901   1673405         0  1673405         0    585691
   22   3878868  2191578   1687290         0  1687290         0    590551
   23   3804750  2109255   1695495         0  1695495         0    593423
   24   3724480  2026932   1697547         0  1697547         0    594141
   25   3637547  1944609   1692937         0  1692937         0    592528
   26   3543398  1862286   1681112         0  1681112         0    588389
   27   3441436  1779963   1661473         0  1661473         0    581515
   28   3331011  1697640   1633371         0  1633371         0    571679
   29   3211421  1615317   1596103         0  1596103         0    558636
   30    600000  1532994   -932994         0        0         0         0
 
 
 
 
 
 APPENDIX 3          FINANCING INSTRUMENT SUMMARY
 
 INST TYPE  PRINCIPAL  INT. CONST PER/ PER PAY  LIFE START CLOSE  CLOSING
                       RATE  RATE YEAR OR AMRT YR MO YR MO YR MO   AMOUNT
  1  L. PAY   4000000  8.00  8.34   12   27812 40  0  2  5 30 12        0
   