     3     4  1089094836
    4    0    0    0    0    0    0
     5     6  1089094994
    6  252    0    0    0    0    0
     7     8  1820444185
    8    6    7    8    9   10   11
     9    10  1820447457
   10    0    0    0    0    0    0
    11    12  4948296455
   12   12    0    0    0    0    0
    13    14  4950508210
   14   13    0    0    0    0    0
    15    16  4952067203
   16    0    0    0    0    0    0
    17    18  4952067296
   18   17    0    0    0    0    0
    19    20  4952067491
   20   18    0    0    0    0    0
    21    22  4952067989
   22   19    0    0    0    0    0
    23    24  4952068118
   24   20    0    0    0    0    0
    25    26  4952097305
   26   21    0    0    0    0    0
    27    28  4952097319
   28   22    0    0    0    0    0
    29    30  4952098917
   30   23    0    0    0    0    0
    31    32  4952099089
   32   24    0    0    0    0    0
    33    34  4952099507
   34   25    0    0    0    0    0
    35    36  4952099665
   36   26    0    0    0    0    0
    37    38  4952099744
   38   28    0    0    0    0    0
    39    40  4952099912
   40    0   29    0    0    0    0
    41    42  4952100032
   42    0    0    0    0    0    0
    43    44  4952100121
   44   32    0    0    0    0    0
    45    46  4952100163
   46    0    0        0    0    0
    47    48  4952100176
   48    0    0    0    0    0    8
    49    50  4952100200
   50   35    0    0    0    0    0
    51    52  4952100228
   52    0    0    0    0    0    0
    53    54  4952100385
   54   37    0    0    0    0    0
    55    56  4952100409
   56   38    0    0    0    0    0
    57    58  4952100423
   58   39    0    0    0    0    0
    59    60  4952100437
   60   40    0    0    0    0    0
    61    62  4952100516
   62   41    0    0    0    0    0
    63    64  4952100581
   64   42    0   43    0    0    0
    65    66  4952100583
   66   44    0    0    0    0    0
    67    68  4952100882
   68   45    0    0    0    0    0
    69    70  4952100934
   70   46    0    0    0    0    0
    71    72  4952100948
   72   47    0    0    0    0    0
    73    74  4952101027
   74   48    0    0    0    0    0
    75    76  4952101078
   76    0   49    0  258    0    0
    77    78  4952101092
   78   53    0    0    0    0    0
    79    80  4952101143
   80   54    0    0    0    0    0
    81    82  4952101250
   82    0   55    0    0    0    0
    83    84  4952101904
   84    0   56    0    0    0    0
    85    86  4952101928
   86   57    0    0    0    0    0
    87    88  4952101942
   88   58    0    0    0    0    0
    89    90  4952101956
   90   59    0    0    0    0    0
    91    92  4952101970
   92   60    0   0    0    0    0
    93    94  4952101993
   94   61    0    0    0    0    0
    95    96  4952102021
   96   62    0    0    0    0    0
    97    98  4952102049
   98   64    0    0    0    0    0
    99   100  4952102086
  100    0   67    0    0    0    0
   101   102  4952102165
  102   68    0    0    0    0    0
   103   104  4952102193
  104    0    0   69    0    0    0
   105   106  4952102217
  106    0    0   70   71    0    0
   107   108  4952102272
  108   72    0    0    0    0    0
   109   110  4952102296
  110   73    0    0    0    0    0
   111   112  4952102309
  112   74    0    0    0    0    0
   113   114  4952102424
  114    0   75    0    0    0    0
   115   116  4952102438
  116   76    0    0    0    0    0
   117   118  4952102452
  118   77    0    0    0    0    0
   119   120  4952102503
  120    0    0    0    0    0    0
   121   922  4952102517
  122  264    0    0    0    0    0
   123   124  4952102569
  124   79    0    0    0    0    0
   125   126  4952102582
  126   80    0    0    0    0    0
   127   128  4952102754
  128   81  261    0    0    0    0
   129   130  4952102792
  130   82    0    0    0    0    0
   131   132  4952102806
  132   83    0    0    0    0    0
   133   134  4952102819
  134       0    0    0    0    0
   135   136  4952102949
  136   85    0    0    0    0    0
   137   138  4952103014
  138    0    0    0    0    0    0
   139   140  4952103028
  140   87    0    0    0    0    0
   141   142  4952103042
  142  267    0    0    0    0    0
   143   144  4952103080
  144  269    0    0    0    0    0
   145   146  4952103093
  146    0    0    0    0    0   0
   147   148  5136008872
  148   91    0    0    0    0    0
   149   150  5136008885
  150   92    0    0    0    0    0
   151   152  5136008913
  152   93    0    0    0    0    0
   153   154  5136009016
  154   96    0    0    0    0    0
   155   156  5137797202
  156   97    0    0    0    0    0
   157   158  5137797225
  158   98    0    0    0    0    0
   159   160  8383171190
  160   99    0    0    0    0    0
   161   162  8383171622
  162  101    0    0    0    0    0
   163   164  8383172161
  164    0    0    0    0    0    0
   165   166  8383172305
  166  106    0    0    0    0    0
   167   168  8383172384
  168  108    0    0    0    0    0
   169   170  8383172644
  170  110    0    0    0    0    0
   171   172  8383172709
  172  112    0    0    0    0    0
   173   174  8383172919
  174  114    0    0    0    0    0
   175   176  8383173731
  176  116    0    0    0    0    0
   177   178  8383173745
  178  118    0    0    0    0    0
   179   180  8383173769
  180  120    0    0    0    0    0
   181   182  8383173824
  182  122    0    0    0    0    0
   183   184  8383173848
  184  124    0   0    0    0    0
   185   186  8383174162
  186  126    0    0    0    0    0
   187   188  8383174214
  188  128    0    0   0    0
   189   190  8383174228
  190  130    0    0    0    0    0
   191   192  8383174241
  192  133    0    0    0    0    0
   193   194  8383174265
  194  135    0    0    0    0    0
   195   196  8383174307
  196  137    0    0    0    0    0
   197   198  8383174344
  198  140    0    0    0    0    0
   199   200  8383174358
  200  142    0    0    0    0    0
   201   202  8383174409
  202    0    0    0    0    0    0
   203   204  8383174530
  204    0    0    0    0    0    0
   205   206  8383174567
  206  148    0    0    0    0    0
   207   208  8383174673
  208  150    0    0    0    0    0
   209   210  8383174725
  210  152    0    0    0    0    0
   211   212  8383176806
  212  155    0    0    0    0    0
   213   214  8383176872
  214  159    0    0    0    0    0
   215   216  8383176937
  216  161    0    0    0    0    0
   217   218  8383177016
  218    0    0    0    0    0    0
   219   220  8383177030
  220    0    0    0    0    0    0
   221   222  8383177081
  222  170    0    0    0    0    0
   223   224  8383177095
  224  172    0    0    0    0    0
   225   226  8383177109
  226  256    0    0    0    0    0
   227   228  8383177122
  228  259    0    0    0    0    0
   229   230  8383177238
  230  262   0    0    0    0    0
   231   232  8383177252
  232  265    0    0    0    0    0
   233   234 14880113476
  234    0    0    0    0    0    0
   235   236 14880113489
  236  270  271  272    0    0    0
   237   238 14954916995
  238    0    0    0    0    0    0
   239   240 14954917033
  240    0    0    0    0    0    0
   241   242 14954917060
  242  273    0    0    0    0    0
   243   244 14954917074
  244  274    0    0    0    0    0
   245   246 14954917088
  246  275    0    0    0    0    0
   247   248 14954917125
  248  276    0    0    0    0    0
   249   250 14955209096
  250  176    0  177    0    0    0
   251   252 14955209267
  252    0  178    0    0    0    0
   253   254 14955209281
  254    0    0  179    0    0    0
   255   256 14955209332
  256  180    0  182    0    0    0
   257   258 14955209346
  258  183  184  186    0    0    0
   259   260 14955209384
  260  187  189  190    0    0    0
   261   262 1495520937
  262  193  194    0  195    0    0
   263   264 14955209411
  264  196  197  202  203  204    0
   265   266 14955209449
  266    0  205    0    0    0    0
   267   268 14955209476
  268    0    0  206    0    0    0
   269   270 14955209490
  270  208    0    0  210    0    0
   271   272 14955209542
  272  211    0    0  213    0    0
   273   274 14955209607
  274    0  214    0  215    0    0
   275   276 14955209634
  276  217  219    0    0    0    0
   277   278 14955209764
  278    0  220  221    0    0    0
   279   280 14955209816
  280    0  222   0    0    0    0
   281   282 14955209843
  282  225  226    0    0    0    0
   283   284 14955209857
  284  227  228    0   00    0
   285   286 14955209895
  286  230  232    0    0    0    0
   287   288 14955209922
  288  233  235    0    0    0   0
   289   290 14955209936
  290  236  238    0    0    0    0
   291   292 14955209960
  292  239  240    0    0    0    0
   293   294 14955209987
  294    0  241    0    0    0    0
   295   296 14955210025
  296    0    0    0    0    0    0
   297   298 14955758464
  298  242    0    0    0    0    0
   299   300 14955758724
  300  243  244  245  246    0    0
   301   302 14955759273
  302  247    0    0  248    0    0
   303   304 14955759300
  304  249    0  250    0    0    0
   305   306 14955759510
  306  251    0    0    0    0    0
