4,7.00,11.00,16.30,19.30
4,7.00,11.00,17.00,20.00
4,7.00,10.30,16.00,19.30
4,7.00,10.00,16.00,20.00
4,7.00,10.30,16.30,20.00
4,7.30,11.00,16.00,19.30
4,7.30,11.30,16.30,19.30
4,7.30,11.00,16.30,20.00
4,7.30,10.30,16.00,20.00
4,7.30,11.30,17.00,20.00
4,7.30,11.30,17.00,20.00
4,7.30,11.30,17.30,20.30
4,7.30,10.30,16.30,20.30
4,7.30,11.00,17.00,20.30
4,8.00,12.00,16.30,19.30
4,8.00,11.30,16.30,19.30
4,8.00,11.00,16.00,20.00
4.8.00,11.30,16.30,20.00
4,8.00,12.00,17.00,20.00
4,8.00,12.00,17.30,20.30
4,8.00,11.00,16.30,20.30
4,8.00,11.30,17.00,20.30
4,8.30,12.30,16.30,19.30
4,8.30,11.30,16.00,19.30
4,8.30,13.00,17.00,19.30
4,8.30,12.00,16.00,19.30
4,8.30,12.30,17.00,20.00
4,8.30,11.30,16.00,20.00
4,8.30,12.00,16.30,20.00
4,8.30,12.30,17.30,20.30
4,8.30,12.00,17.00,20.30
4,8.30,13.00,18.00,20.30
4,9.00,12.00,16.00,20.00
4,9.00,12.30,16.30,20.00
4,9.00,13.00,17.00,20.00
4,9.00,13.00,17.30,20.30
4,9.00,12.30,17.00,20.30
4,9.00,12.00,16.30,20.30
4,9.30,13.30,17.30,20.30
4,9.30,13.00,17.00,20.30
