0033 T T T T T T T T F F T T T T T T T T T T T F F F F F F F F F 
     1     1    71CASE-1 3500.0      3500.0      1.0
 1 3 2 3 2 3 1 0 0 0 0 0 1
00          7700.0      0.05918     0.004307    0.004307     5050.0
01          2700.0      0.02819     0.011688    0.03660      5150.0
01          2700.0      0.00889     0.03660     0.03676      5150.0
00          2700.0      0.01016     0.03629     0.03629      5150.0
00          7700.0      0.2880      0.0002526   0.0002526    5050.0
00          2700.0      0.01626     0.003125    0.003125     5150.0
00          7700.0      0.07845     0.0111      0.0111       5050.0
00          7700.0      0.002032    0.004743    0.004743     5050.0
00          2700.0      0.006345    0.004032    0.004032     5150.0
00          2700.0      0.006345    0.004738    0.004738     5150.0
01          2700.0      0.02794     0.004689    0.0055667    5150.0
00          7700.0      0.03124     0.0002526   0.0002526    5050.0
00          7700.0      0.018630    0.0008188   0.0008188    5050.0
00          7700.0      0.01930     0.006126    0.006126     5050.0
02
06          5675.00     0.028194    0.003800
   8.717E-12  -8.198E-14     0.01157    1.018E-5      1225.0      -5.859
1.0         0.0         1.0         0.0
01          0.0         0.0         37025.0     14800.0
01
02
