 
 
 RAM30 TEST 5/28/73 TYMSHARE - BILL CONIS                                
 
 
 CHART 1
            R  E  V  E  N  U  E          OPERATING EXPENSES - NON-CASH
                                        DEPR AT  EXCESS   OTHER  TOT NON
 YEAR  STREAM 1  STREAM 2     TOTAL     ST.LINE  DEPR'N EXPENSE CASH EXP
 
    1         0         0         0           0       0  150000   150000
    2    600000         0    600000       60000   25833       0    85833
    3    600000         0    600000       90000   35844       0   125844
    4    600000         0    600000       90000   31593       0   121593
    5    600000         0    600000       90000   27502       0   117502
    6    600000         0    600000       90000   23565       0   113565
    7    600000         0    600000       90000   19775       0   109775
    8    600000         0    600000       90000   16127       0   106127
    9    600000         0    600000       90000   12616       0   102616
   10    600000         0    600000       90000    9237       0    99237
   11    600000         0    600000       90000    5984       0    95984
   12    600000         0    600000       90000    2853       0    92853
   13    600000         0    600000       90000    -160       0    89840
   14    600000         0    600000       90000   -3060       0    86940
   15    600000         0    600000       90000   -5852       0    84148
   16    600000         0    600000       90000   -7375       0    82625
   17    600000         0    600000       90000   -7677       0    82323
   18    600000         0    600000       90000   -7677       0    82323
   19    600000         0    600000       90000   -7677       0    82323
   20    600000         0    600000       90000   -7677       0    82323
   21    600000         0    600000       90000   -7677       0    82323
   22    600000         0    600000       90000   -7677       0    82323
   23    600000         0    600000       90000   -7677       0    82323
   24    600000         0    600000       90000   -7677       0    82323
   25    600000         0    600000       90000   -7677       0    82323
   26    600000         0    600000       90000   -7677       0    82323
   27    600000         0    600000       90000   -7677       0    82323
   28    600000         0    600000       90000   -7677       0    82323
   29    600000         0    600000       90000   -7677       0    82323
   30    600000         0    600000       38333   43990       0    82323
 
 
 
 
 
 CHART 2         O P E R A T I N G   E X P E N S E S  -  C A S H
 
         MNG'T     REAL    LENDER  MORTGAGE  OTHER OPER.EXPENSE TOT CASH
 YEAR      FEE  EST TAX    PART N  INTEREST  STREAM 1  STREAM 2  EXPENSE
 
    1        0    50000         0         0         0         0    50000
    2    30000    50000         0    213116     30000         0   323116
    3    30000    50000         0    318705     30600         0   429305
    4    30000    50000         0    317457     31212         0   428669
    5    30000    50000         0    316104     31836         0   427941
    6    30000    50000         0    314640     32473         0   427113
    7    30000    50000         0    313054     33122         0   426176
    8    30000    50000         0    311336     33785         0   425121
    9    30000    50000         0    309476     34461         0   423936
   10    30000    50000         0    307461     35150         0   422611
   11    30000    50000         0    305279     35853         0   421132
   12    30000    50000         0    302916     36570         0   419486
   13    30000    50000         0    300357     37301         0   417658
   14    30000    50000         0    297586     38047         0   415633
   15    30000    50000         0    294584     38808         0   413392
   16    30000    50000         0    291333     39584         0   410918
   17    30000    50000         0    287813     40376         0   408189
   18    30000    50000         0    284000     41184         0   405184
   19    30000    50000         0    279871     42007         0   401878
   20    30000    50000         0    275399     42847         0   398246
   21    30000    50000         0    270556     43704         0   394260
   22    30000    50000         0    265311     44578         0   389890
   23    30000    50000         0    259631     45470         0   385101
   24    30000    50000         0    253479     46379         0   379858
   25    30000    50000         0    246816     47307         0   374123
   26    30000    50000         0    239601     48253         0   367854
   27    30000    50000         0    231787     49218         0   361005
   28    30000    50000         0    223324     50203         0   353527
   29    30000    50000         0    214159     51207         0   345366
   30    30000    50000         0    204234     52231         0   336465
 
 
 
 
 
 CHART 3                      PROFIT/LOSS AND CASH FLOW
 
      TOT OPER  PROFIT   ADD: NON    LESS OTHER CASH     CASH FLOW
 YEAR  EXPENSE OR LOSS   CASH EXP  PRIN PAY WORK CAP  FR OPR BEF DEB SER
 
    1   200000 -200000     150000         0    16000  -66000      -66000
    2   408950  191050      85833      9383    16000  251500      474000
    3   555149   44851     125844     15044    16000  139651      473400
    4   550262   49738     121593     16293    16000  139039      472788
    5   545443   54557     117502     17645    16000  138414      472164
    6   540678   59322     113565     19110    16000  137778      471527
    7   535951   64049     109775     20695    16000  137128      470878
    8   531248   68752     106127     22413    16000  136466      470215
    9   526552   73448     102616     24274    16000  135790      469539
   10   521848   78152      99237     26288    16000  135101      468850
   11   517116   82884      95984     28470    16000  134398      468147
   12   512339   87661      92853     30833    16000  133681      467430
   13   507499   92501      89840     33392    16000  132949      466699
   14   502573   97427      86940     36164    16000  132203      465953
   15   497540  102460      84148     39166    16000  131442      465192
   16   493543  106457      82625     42416    16000  130666      464416
   17   490512  109488      82323     45937    16000  129875      463624
   18   487507  112493      82323     49749    16000  129067      462816
   19   484201  115799      82323     53878    16000  128243      461993
   20   480569  119431      82323     58350    16000  127403      461153
   21   476583  123417      82323     63193    16000  126546      460296
   22   472213  127787      82323     68438    16000  125672      459422
   23   467424  132576      82323     74118    16000  124781      458530
   24   462181  137819      82323     80270    16000  123871      457621
   25   456446  143554      82323     86933    16000  122944      456693
   26   450177  149823      82323     94149    16000  121998      455747
   27   443328  156672      82323    101962    16000  121032      454782
   28   435850  164150      82323    110425    16000  120048      453797
   29   427689  172311      82323    119590    16000  119044      452793
   30   418788  181212      82323   2611421    16000-2363886      451769
 
 
 
 
 
 CHART 4               NET PROCEEDS OF PROPERTY SALE
 
        PROJECTED   MORTGAGE   NET SALE        LESS   LESS CAP  NET SALE
 YEAR   MKT VALUE    PAYBACK   PROCEEDS   RECAPTURE   GAIN TAX   BENEFIT
 
    1      600000          0     600000           0          0    600000
    2     4590617    3990617     600000       15500     157716    426784
    3     4575573    3975573     600000       37006     183951    379043
    4     4559280    3959280     600000       55962     209748    334290
    5     4541636    3941635     600000       72464     235072    292464
    6     4522526    3922526     600000       86603     259884    253513
    7     4501831    3901831     600000       98467     284141    217392
    8     4479417    3879417     600000      108144     307796    184060
    9     4455144    3855144     600000      115713     330800    153486
   10     4428856    3828856     600000      116405     355929    127666
   11     4400386    3800386     600000      104870     386287    108842
   12     4369552    3769552     600000       91122     416014     92864
   13     4336160    3736160     600000       75877     444664     79459
   14     4299997    3699997     600000       59820     471802     68378
   15     4260831    3660831     600000       43601     497007     59392
   16     4218415    3618415     600000       28006     520178     51817
   17     4172478    3572478     600000       13450     541404     45146
   18     4122729    3522729     600000           0     560650     39350
   19     4068851    3468851     600000           0     570606     29394
   20     4010500    3410500     600000           0     578997     21003
   21     3947307    3347307     600000           0     585692     14308
   22     3878869    3278869     600000           0     590552      9448
   23     3804751    3204751     600000           0     593423      6577
   24     3724480    3124480     600000           0     594142      5858
   25     3637547    3037547     600000           0     592528      7472
   26     3543398    2943398     600000           0     588389     11611
   27     3441436    2841436     600000           0     581516     18484
   28     3331011    2731011     600000           0     571680     28320
   29     3211421    2611421     600000           0     558636     41364
   30      600000          0     600000           0          0    600000
 
 
 
 CHART 5             I N V E S T M E N T   A N A L Y S I S
 
         SHARE P/L SHARE  B E N E F I T SHARE OF      ROI  PRES VALUE
       OF CASH CASH EQUI                 NET SALE     NOT  OF BENEFITS
 YEAR  DISTRIB    VALENT ANNUAL CUMULAT  BENEFIT     DISC  AT  15.0%
 
    1   -66000    120000  54000   54000   600000     9.00    568695.65
    2   251500   -114630 136870  190870   426784     1.47    473160.23
    3   139651    -26910 112740  303610   379043     4.59    473805.68
    4   139039    -29843 109196  412806   334290     6.13    478142.90
    5   138414    -32734 105680  518487   292464     7.03    484959.75
    6   137778    -35593 102184  620671   253513     7.62    493331.39
    7   137128    -38429  98699  719370   217392     8.02    502560.80
    8   136466    -41251  95215  814584   184060     8.31    512130.59
    9   135790    -44069  91722  906306   153486     8.51    521664.36
   10   135101    -46891  88209  994515   127666     8.70    531395.10
   11   134398    -49730  84668 1079183   108842     8.91    541431.63
   12   133681    -52596  81084 1160267    92864     9.07    550548.90
   13   132949    -55501  77449 1237716    79459     9.19    558693.83
   14   132203    -58456  73747 1311463    68378     9.28    565865.81
   15   131442    -61476  69967 1381430    59392     9.34    572099.52
   16   130666    -63874  66792 1448222    51817     9.38    577475.70
   17   129875    -65693  64182 1512404    45146     9.39    582097.71
   18   129067    -67496  61571 1573975    39350     9.38    586057.37
   19   128243    -69479  58764 1632739    29394     9.32    589072.18
   20   127403    -71658  55745 1688484    21003     9.25    591696.16
   21   126546    -74050  52496 1740980    14308     9.17    593962.20
   22   125672    -76672  49000 1789980     9448     9.09    595902.34
   23   124781    -79546  45235 1835215     6577     9.00    597547.34
   24   123871    -82691  41180 1876395     5858     8.90    598926.37
   25   122944    -86132  36811 1913207     7472     8.80    600066.94
   26   121998    -89894  32104 1945310    11611     8.70    600994.69
   27   121032    -94003  27030 1972340    18484     8.59    601733.44
   28   120048    -98490  21558 1993898    28320     8.47    602305.11
   29   119044   -103387  15657 2009555    41364     8.34    602729.82
   30 -2363886   -108727******* -463058   600000    -2.57    573729.22
 
 
 
 
 
 APPENDIX 1
 
           D E B T   S E R V I C E   MORTGAGE                   UNDEPREC
 YEAR     TOTAL  INTEREST  PRIN PAY   BALANCE        DEPREC'N    BALANCE
 
    1         0         0         0         0                0         0
    2    222500    213116      9383   3990617            85833   3514167
    3    333749    318705     15044   3975573           125844   3388323
    4    333749    317457     16293   3959280           121593   3266730
    5    333749    316104     17645   3941635           117502   3149227
    6    333749    314640     19110   3922526           113565   3035662
    7    333749    313054     20695   3901831           109775   2925888
    8    333749    311336     22413   3879417           106127   2819761
    9    333749    309476     24274   3855144           102616   2717145
   10    333749    307461     26288   3828856            99237   2617908
   11    333749    305279     28470   3800386            95984   2521924
   12    333749    302916     30833   3769552            92853   2429070
   13    333749    300357     33392   3736160            89840   2339230
   14    333749    297586     36164   3699997            86940   2252290
   15    333749    294584     39166   3660831            84148   2168142
   16    333749    291333     42416   3618415            82625   2085517
   17    333749    287813     45937   3572478            82323   2003194
   18    333749    284000     49749   3522729            82323   1920871
   19    333749    279871     53878   3468851            82323   1838548
   20    333749    275399     58350   3410500            82323   1756225
   21    333749    270556     63193   3347307            82323   1673902
   22    333749    265311     68438   3278869            82323   1591579
   23    333749    259631     74118   3204751            82323   1509256
   24    333749    253479     80270   3124480            82323   1426932
   25    333749    246816     86933   3037547            82323   1344609
   26    333749    239601     94149   2943398            82323   1262286
   27    333749    231787    101962   2841436            82323   1179963
   28    333749    223324    110425   2731011            82323   1097640
   29    333749    214159    119590   2611421            82323   1015317
   30   2815655    204234   2611421         0            82323    932994
 
 
 
 
 
 APPENDIX 2         CAPITAL GAIN TAX & RECAPTURE COMPUTATION
 
      PROJECTED PROPERTY  CAP GAIN DEPR SUBJ  TAXABLE            CAPITAL
 YEAR MKT VALUE    BASIS  EX RECAP  TO RECAP CAP GAIN RECAPTURE GAIN TAX
 
    1    600000  4200000  -3600000         0        0         0        0
    2   4590617  4114167    476450     25833   450617     15500   157716
    3   4575573  3988323    587250     61677   525573     37006   183951
    4   4559280  3866730    692551     93270   599280     55962   209748
    5   4541636  3749227    792408    120773   671636     72464   235072
    6   4522526  3635662    886864    144338   742526     86603   259884
    7   4501831  3525888    975943    164112   811831     98467   284141
    8   4479417  3419761   1059657    180239   879417    108144   307796
    9   4455144  3317145   1137999    192855   945144    115713   330800
   10   4428856  3217908   1210948    194008  1016939    116405   355929
   11   4400386  3121924   1278462    174784  1103678    104870   386287
   12   4369552  3029070   1340482    151869  1188613     91122   416014
   13   4336160  2939230   1396930    126462  1270468     75877   444664
   14   4299997  2852290   1447706     99701  1348006     59820   471802
   15   4260831  2768142   1492689     72669  1420020     43601   497007
   16   4218415  2685517   1532898     46676  1486222     28006   520178
   17   4172478  2603194   1569285     22417  1546868     13450   541404
   18   4122729  2520871   1601859         0  1601859         0   560650
   19   4068851  2438548   1630303         0  1630303         0   570606
   20   4010500  2356225   1654276         0  1654276         0   578997
   21   3947307  2273902   1673406         0  1673406         0   585692
   22   3878869  2191579   1687290         0  1687290         0   590552
   23   3804751  2109255   1695495         0  1695495         0   593423
   24   3724480  2026932   1697548         0  1697548         0   594142
   25   3637547  1944609   1692938         0  1692938         0   592528
   26   3543398  1862286   1681112         0  1681112         0   588389
   27   3441436  1779963   1661473         0  1661473         0   581516
   28   3331011  1697640   1633371         0  1633371         0   571680
   29   3211421  1615317   1596104         0  1596104         0   558636
   30    600000  1532994   -932994         0        0         0        0
 
 
 
 
 
 APPENDIX 3          FINANCING INSTRUMENT SUMMARY
 
 INST TYPE  PRINCIPAL  INT. CONST PER/ PER PAY  LIFE START CLOSE CLOSING
                       RATE  RATE YEAR OR AMRT YR MO YR MO YR MO  AMOUNT
  1  L. PAY   4000000  8.00  8.34   12   27812 40  0  2  5 30 12       0
